21.200001 38.704
22.400000 38.177
23.600000 41.366
25.000000 45.991
26.500000 49.087
28.000000 51.090
30.000000 53.959
31.500000 56.565
33.500000 60.051
35.500000 63.504
37.500000 67.163
40.000000 71.057
42.500000 73.327
45.000000 73.190
47.500000 72.007
50.000000 71.727
53.000000 71.979
56.000000 71.919
60.000000 72.178
63.000000 74.512
67.000000 74.563
71.000000 72.493
75.000000 71.870
80.000000 72.265
85.000000 72.775
90.000000 73.249
95.000000 72.746
100.000000 72.048
106.000000 71.745
112.000000 71.885
118.000000 72.974
125.000000 73.086
132.000000 72.533
140.000000 73.556
150.000000 74.806
160.000000 73.370
170.000000 73.507
180.000000 75.008
190.000000 73.355
200.000000 71.607
212.000000 71.602
224.000000 71.645
236.000000 72.050
250.000000 71.997
265.000000 73.108
280.000000 74.327
300.000000 73.724
315.000000 75.252
335.000000 72.667
355.000000 71.564
375.000000 72.474
400.000000 74.044
425.000000 74.033
450.000000 74.372
475.000000 73.561
500.000000 73.918
530.000000 74.834
560.000000 74.623
600.000000 73.673
630.000000 72.365
670.000000 73.525
710.000000 72.548
750.000000 72.242
800.000000 72.546
850.000000 73.535
900.000000 74.042
950.000000 74.211
1000.000000 73.630
1060.000000 73.617
1120.000000 74.011
1180.000000 74.331
1250.000000 73.757
1320.000000 74.198
1400.000000 73.928
1500.000000 73.597
1600.000000 73.436
1700.000000 72.871
1800.000000 72.978
1900.000000 73.454
2000.000000 73.658
2120.000000 73.174
2240.000000 72.389
2360.000000 71.238
2500.000000 71.721
2650.000000 72.264
2800.000000 72.304
3000.000000 71.464
3150.000000 72.712
3350.000000 73.963
3550.000000 73.615
3750.000000 73.466
4000.000000 72.211
4250.000000 72.957
4500.000000 73.121
4750.000000 73.620
5000.000000 73.594
5300.000000 73.103
5600.000000 72.645
6000.000000 72.639
6300.000000 72.848
6700.000000 72.877
7100.000000 73.320
7500.000000 73.341
8000.000000 73.470
8500.000000 73.789
9000.000000 73.372
9500.000000 72.962
10000.000000 72.811
10600.000000 72.658
11200.000000 72.156
11800.000000 71.769
12500.000000 71.778
13200.000000 71.800
14000.000000 71.910
15000.000000 72.434
16000.000000 72.651
17000.000000 72.311
18000.000000 71.882
19000.000000 71.269
20000.000000 70.717
