21.200001 62.182
22.400000 64.467
23.600000 64.732
25.000000 65.537
26.500000 67.139
28.000000 70.913
30.000000 74.618
31.500000 77.206
33.500000 80.817
35.500000 85.768
37.500000 91.478
40.000000 98.238
42.500000 102.368
45.000000 102.202
47.500000 98.764
50.000000 95.004
53.000000 92.068
56.000000 88.843
60.000000 86.911
63.000000 90.339
67.000000 91.964
71.000000 91.951
75.000000 94.186
80.000000 98.517
85.000000 101.787
90.000000 103.488
95.000000 101.862
100.000000 97.225
106.000000 92.371
112.000000 92.003
118.000000 92.737
125.000000 92.793
132.000000 90.255
140.000000 90.249
150.000000 97.754
160.000000 99.369
170.000000 99.303
180.000000 99.055
190.000000 98.550
200.000000 100.322
212.000000 98.180
224.000000 94.178
236.000000 95.911
250.000000 97.597
265.000000 99.896
280.000000 100.119
300.000000 96.183
315.000000 95.005
335.000000 93.412
355.000000 95.071
375.000000 96.858
400.000000 97.884
425.000000 99.087
450.000000 97.297
475.000000 95.757
500.000000 98.113
530.000000 99.822
560.000000 97.984
600.000000 96.313
630.000000 96.862
670.000000 96.937
710.000000 97.745
750.000000 98.334
800.000000 99.503
850.000000 99.892
900.000000 97.800
950.000000 97.367
1000.000000 96.315
1060.000000 96.573
1120.000000 96.183
1180.000000 96.803
1250.000000 97.106
1320.000000 93.943
1400.000000 91.652
1500.000000 91.873
1600.000000 94.940
1700.000000 95.317
1800.000000 94.935
1900.000000 94.054
2000.000000 93.439
2120.000000 93.119
2240.000000 93.225
2360.000000 94.198
2500.000000 94.631
2650.000000 93.608
2800.000000 94.519
3000.000000 94.800
3150.000000 93.645
3350.000000 94.158
3550.000000 94.364
3750.000000 94.129
4000.000000 94.591
4250.000000 94.124
4500.000000 95.079
4750.000000 95.026
5000.000000 95.612
5300.000000 95.649
5600.000000 96.000
6000.000000 96.630
6300.000000 96.104
6700.000000 95.641
7100.000000 95.866
7500.000000 95.976
8000.000000 95.214
8500.000000 95.011
9000.000000 95.015
9500.000000 95.302
10000.000000 95.378
10600.000000 95.430
11200.000000 95.258
11800.000000 95.022
12500.000000 94.410
13200.000000 93.444
14000.000000 92.353
15000.000000 91.999
16000.000000 92.316
17000.000000 92.240
18000.000000 92.130
19000.000000 91.805
