21.200001 57.613
22.400000 61.350
23.600000 63.545
25.000000 65.887
26.500000 67.011
28.000000 67.805
30.000000 72.024
31.500000 74.612
33.500000 77.831
35.500000 81.242
37.500000 86.103
40.000000 92.584
42.500000 96.369
45.000000 95.669
47.500000 91.670
50.000000 88.620
53.000000 86.634
56.000000 84.997
60.000000 85.090
63.000000 85.395
67.000000 84.884
71.000000 84.208
75.000000 90.280
80.000000 97.761
85.000000 99.844
90.000000 97.211
95.000000 93.354
100.000000 90.133
106.000000 91.681
112.000000 94.595
118.000000 98.429
125.000000 99.040
132.000000 96.866
140.000000 97.518
150.000000 100.669
160.000000 99.278
170.000000 95.819
180.000000 95.099
190.000000 95.105
200.000000 93.435
212.000000 91.850
224.000000 90.405
236.000000 88.004
250.000000 89.304
265.000000 94.939
280.000000 97.148
300.000000 96.197
315.000000 96.281
335.000000 97.107
355.000000 97.959
375.000000 99.668
400.000000 98.265
425.000000 98.055
450.000000 99.069
475.000000 99.290
500.000000 100.280
530.000000 99.060
560.000000 99.865
600.000000 100.416
630.000000 98.895
670.000000 97.123
710.000000 97.343
750.000000 98.855
800.000000 100.566
850.000000 101.490
900.000000 99.594
950.000000 97.339
1000.000000 98.252
1060.000000 97.360
1120.000000 95.493
1180.000000 93.425
1250.000000 93.264
1320.000000 95.288
1400.000000 96.066
1500.000000 96.565
1600.000000 95.872
1700.000000 94.147
1800.000000 93.924
1900.000000 95.346
2000.000000 96.572
2120.000000 96.141
2240.000000 94.804
2360.000000 95.056
2500.000000 95.629
2650.000000 94.909
2800.000000 95.313
3000.000000 94.666
3150.000000 94.102
3350.000000 95.050
3550.000000 95.098
3750.000000 95.613
4000.000000 95.346
4250.000000 95.995
4500.000000 96.773
4750.000000 97.188
5000.000000 97.274
5300.000000 97.143
5600.000000 97.401
6000.000000 97.655
6300.000000 97.435
6700.000000 97.263
7100.000000 97.619
7500.000000 97.577
8000.000000 96.973
8500.000000 96.621
9000.000000 96.428
9500.000000 96.457
10000.000000 96.465
10600.000000 96.823
11200.000000 96.789
11800.000000 96.486
12500.000000 95.833
13200.000000 94.807
14000.000000 93.476
15000.000000 92.963
16000.000000 93.540
17000.000000 93.910
18000.000000 94.024
19000.000000 93.710
