21.200001 59.646
22.400000 58.904
23.600000 58.162
25.000000 57.609
26.500000 60.640
28.000000 63.720
30.000000 67.035
31.500000 68.582
33.500000 70.257
35.500000 72.921
37.500000 79.598
40.000000 86.682
42.500000 90.431
45.000000 89.903
47.500000 87.473
50.000000 85.015
53.000000 80.944
56.000000 83.546
60.000000 88.408
63.000000 91.573
67.000000 92.511
71.000000 89.191
75.000000 90.719
80.000000 97.632
85.000000 99.627
90.000000 96.292
95.000000 95.267
100.000000 96.130
106.000000 97.114
112.000000 99.718
118.000000 101.815
125.000000 101.011
132.000000 99.097
140.000000 96.594
150.000000 95.269
160.000000 97.368
170.000000 97.169
180.000000 96.563
190.000000 97.586
200.000000 98.940
212.000000 99.197
224.000000 98.126
236.000000 97.944
250.000000 100.087
265.000000 99.951
280.000000 95.817
300.000000 97.725
315.000000 100.848
335.000000 100.715
355.000000 98.751
375.000000 96.897
400.000000 99.346
425.000000 100.712
450.000000 100.250
475.000000 99.447
500.000000 98.674
530.000000 99.707
560.000000 98.229
600.000000 95.969
630.000000 97.841
670.000000 99.162
710.000000 99.659
750.000000 101.704
800.000000 102.487
850.000000 99.756
900.000000 98.260
950.000000 96.626
1000.000000 94.680
1060.000000 94.426
1120.000000 95.535
1180.000000 96.831
1250.000000 97.538
1320.000000 96.229
1400.000000 95.240
1500.000000 96.042
1600.000000 97.092
1700.000000 97.398
1800.000000 96.200
1900.000000 95.531
2000.000000 97.415
2120.000000 97.937
2240.000000 96.020
2360.000000 96.087
2500.000000 96.617
2650.000000 96.736
2800.000000 97.457
3000.000000 95.851
3150.000000 95.548
3350.000000 95.485
3550.000000 96.172
3750.000000 96.213
4000.000000 96.252
4250.000000 96.497
4500.000000 97.098
4750.000000 97.769
5000.000000 98.188
5300.000000 98.548
5600.000000 98.920
6000.000000 99.200
6300.000000 98.979
6700.000000 98.846
7100.000000 99.016
7500.000000 98.823
8000.000000 97.995
8500.000000 97.815
9000.000000 98.078
9500.000000 98.376
10000.000000 98.462
10600.000000 98.805
11200.000000 98.596
11800.000000 98.166
12500.000000 97.325
13200.000000 96.269
14000.000000 95.066
15000.000000 94.766
16000.000000 95.490
17000.000000 96.031
18000.000000 96.240
19000.000000 96.055
