21.200001 64.697
22.400000 64.858
23.600000 66.712
25.000000 68.015
26.500000 71.035
28.000000 72.994
30.000000 75.263
31.500000 77.871
33.500000 81.984
35.500000 87.119
37.500000 92.960
40.000000 99.907
42.500000 104.122
45.000000 104.096
47.500000 100.836
50.000000 97.087
53.000000 94.020
56.000000 90.606
60.000000 89.270
63.000000 93.883
67.000000 96.016
71.000000 95.493
75.000000 96.907
80.000000 100.603
85.000000 104.201
90.000000 105.743
95.000000 103.942
100.000000 99.713
106.000000 95.434
112.000000 95.778
118.000000 98.447
125.000000 98.939
132.000000 96.393
140.000000 93.925
150.000000 95.032
160.000000 93.213
170.000000 95.997
180.000000 99.059
190.000000 98.621
200.000000 95.762
212.000000 92.596
224.000000 90.304
236.000000 91.178
250.000000 93.166
265.000000 94.587
280.000000 93.971
300.000000 92.711
315.000000 94.766
335.000000 94.835
355.000000 95.811
375.000000 96.189
400.000000 97.057
425.000000 96.362
450.000000 94.903
475.000000 94.126
500.000000 95.517
530.000000 97.566
560.000000 98.231
600.000000 97.200
630.000000 96.467
670.000000 99.229
710.000000 98.344
750.000000 99.032
800.000000 99.022
850.000000 97.470
900.000000 97.502
950.000000 95.295
1000.000000 93.563
1060.000000 94.281
1120.000000 94.255
1180.000000 93.496
1250.000000 94.230
1320.000000 96.252
1400.000000 94.968
1500.000000 93.460
1600.000000 93.943
1700.000000 93.390
1800.000000 94.113
1900.000000 94.802
2000.000000 95.369
2120.000000 96.044
2240.000000 95.727
2360.000000 95.233
2500.000000 95.525
2650.000000 96.081
2800.000000 96.434
3000.000000 94.367
3150.000000 94.529
3350.000000 94.839
3550.000000 93.271
3750.000000 94.345
4000.000000 94.285
4250.000000 94.460
4500.000000 95.440
4750.000000 95.183
5000.000000 95.796
5300.000000 96.632
5600.000000 96.760
6000.000000 96.551
6300.000000 95.640
6700.000000 95.467
7100.000000 95.788
7500.000000 95.732
8000.000000 95.313
8500.000000 95.023
9000.000000 94.510
9500.000000 94.288
10000.000000 94.315
10600.000000 94.528
11200.000000 94.454
11800.000000 93.979
12500.000000 93.144
13200.000000 92.327
14000.000000 91.246
15000.000000 90.613
16000.000000 90.689
17000.000000 90.796
18000.000000 90.757
19000.000000 90.347
