21.200001 39.286
22.400000 39.397
23.600000 40.442
25.000000 44.189
26.500000 45.659
28.000000 47.753
30.000000 51.903
31.500000 53.983
33.500000 56.315
35.500000 60.573
37.500000 65.797
40.000000 71.668
42.500000 75.063
45.000000 75.122
47.500000 73.508
50.000000 73.856
53.000000 73.777
56.000000 73.229
60.000000 73.742
63.000000 74.282
67.000000 74.534
71.000000 73.662
75.000000 74.153
80.000000 75.666
85.000000 76.108
90.000000 76.096
95.000000 75.000
100.000000 73.550
106.000000 74.047
112.000000 73.236
118.000000 74.480
125.000000 74.326
132.000000 72.871
140.000000 73.842
150.000000 76.258
160.000000 76.455
170.000000 76.505
180.000000 75.094
190.000000 74.588
200.000000 74.652
212.000000 76.627
224.000000 76.762
236.000000 76.982
250.000000 76.766
265.000000 75.407
280.000000 74.735
300.000000 73.922
315.000000 75.272
335.000000 76.188
355.000000 75.691
375.000000 75.555
400.000000 73.996
425.000000 75.062
450.000000 75.082
475.000000 74.633
500.000000 75.534
530.000000 75.448
560.000000 75.076
600.000000 75.283
630.000000 75.268
670.000000 74.709
710.000000 75.211
750.000000 74.817
800.000000 74.862
850.000000 76.384
900.000000 76.005
950.000000 75.568
1000.000000 76.157
1060.000000 74.696
1120.000000 75.478
1180.000000 75.808
1250.000000 77.192
1320.000000 77.266
1400.000000 76.110
1500.000000 75.243
1600.000000 75.227
1700.000000 75.320
1800.000000 75.896
1900.000000 75.457
2000.000000 75.492
2120.000000 75.794
2240.000000 75.934
2360.000000 75.829
2500.000000 75.486
2650.000000 74.576
2800.000000 75.989
3000.000000 75.420
3150.000000 75.110
3350.000000 75.703
3550.000000 75.129
3750.000000 74.825
4000.000000 74.217
4250.000000 74.393
4500.000000 74.807
4750.000000 74.281
5000.000000 74.465
5300.000000 74.796
5600.000000 74.455
6000.000000 74.028
6300.000000 74.060
6700.000000 74.371
7100.000000 74.567
7500.000000 74.809
8000.000000 74.861
8500.000000 74.790
9000.000000 74.573
9500.000000 74.446
10000.000000 74.073
10600.000000 74.042
11200.000000 74.044
11800.000000 74.253
12500.000000 74.347
13200.000000 74.176
14000.000000 74.078
15000.000000 73.867
16000.000000 73.626
17000.000000 73.515
18000.000000 73.450
19000.000000 73.159
20000.000000 72.849
