21.200001 46.264
22.400000 45.386
23.600000 43.310
25.000000 44.422
26.500000 47.287
28.000000 48.721
30.000000 50.628
31.500000 52.050
33.500000 53.792
35.500000 57.086
37.500000 62.942
40.000000 70.765
42.500000 75.200
45.000000 75.261
47.500000 75.167
50.000000 76.362
53.000000 76.225
56.000000 77.311
60.000000 76.946
63.000000 77.405
67.000000 77.575
71.000000 75.353
75.000000 74.884
80.000000 77.994
85.000000 79.269
90.000000 76.632
95.000000 76.308
100.000000 76.040
106.000000 75.164
112.000000 75.307
118.000000 76.363
125.000000 76.057
132.000000 75.841
140.000000 76.398
150.000000 75.891
160.000000 76.055
170.000000 75.116
180.000000 75.489
190.000000 75.943
200.000000 76.163
212.000000 75.791
224.000000 75.132
236.000000 75.046
250.000000 77.173
265.000000 77.978
280.000000 75.866
300.000000 76.298
315.000000 77.363
335.000000 77.267
355.000000 76.862
375.000000 77.218
400.000000 78.232
425.000000 78.067
450.000000 78.327
475.000000 78.683
500.000000 79.255
530.000000 79.151
560.000000 78.121
600.000000 77.882
630.000000 77.950
670.000000 77.001
710.000000 75.924
750.000000 76.546
800.000000 77.376
850.000000 76.186
900.000000 76.530
950.000000 76.834
1000.000000 77.140
1060.000000 77.249
1120.000000 76.653
1180.000000 76.372
1250.000000 76.131
1320.000000 75.465
1400.000000 75.645
1500.000000 76.495
1600.000000 76.472
1700.000000 76.133
1800.000000 75.492
1900.000000 75.682
2000.000000 76.842
2120.000000 76.969
2240.000000 75.928
2360.000000 76.840
2500.000000 76.839
2650.000000 77.250
2800.000000 77.877
3000.000000 77.286
3150.000000 77.507
3350.000000 77.282
3550.000000 76.791
3750.000000 76.138
4000.000000 75.835
4250.000000 75.999
4500.000000 76.342
4750.000000 76.657
5000.000000 76.831
5300.000000 77.151
5600.000000 77.339
6000.000000 77.234
6300.000000 76.580
6700.000000 75.905
7100.000000 76.006
7500.000000 75.902
8000.000000 75.378
8500.000000 75.478
9000.000000 75.640
9500.000000 75.762
10000.000000 75.563
10600.000000 75.743
11200.000000 75.800
11800.000000 76.018
12500.000000 76.148
13200.000000 76.171
14000.000000 75.976
15000.000000 75.643
16000.000000 75.642
17000.000000 75.754
18000.000000 75.771
19000.000000 75.461
20000.000000 75.104
