21.200001 40.121
22.400000 42.491
23.600000 44.171
25.000000 46.180
26.500000 49.048
28.000000 51.013
30.000000 53.577
31.500000 55.850
33.500000 59.301
35.500000 62.826
37.500000 66.792
40.000000 71.197
42.500000 73.515
45.000000 73.290
47.500000 71.888
50.000000 71.701
53.000000 71.946
56.000000 71.743
60.000000 71.936
63.000000 73.807
67.000000 73.765
71.000000 72.020
75.000000 71.732
80.000000 72.355
85.000000 72.900
90.000000 73.710
95.000000 73.406
100.000000 72.182
106.000000 71.710
112.000000 72.163
118.000000 72.692
125.000000 73.098
132.000000 71.755
140.000000 71.308
150.000000 74.429
160.000000 74.778
170.000000 75.904
180.000000 76.273
190.000000 74.460
200.000000 74.856
212.000000 73.512
224.000000 72.228
236.000000 74.659
250.000000 74.331
265.000000 73.920
280.000000 74.451
300.000000 74.525
315.000000 75.900
335.000000 76.367
355.000000 75.681
375.000000 73.464
400.000000 72.716
425.000000 73.161
450.000000 72.751
475.000000 72.740
500.000000 74.655
530.000000 75.305
560.000000 73.016
600.000000 72.911
630.000000 73.478
670.000000 73.473
710.000000 73.782
750.000000 73.588
800.000000 74.050
850.000000 74.834
900.000000 72.808
950.000000 73.200
1000.000000 73.477
1060.000000 74.520
1120.000000 73.790
1180.000000 73.806
1250.000000 74.188
1320.000000 73.742
1400.000000 74.216
1500.000000 74.108
1600.000000 74.066
1700.000000 73.798
1800.000000 74.082
1900.000000 74.030
2000.000000 73.719
2120.000000 74.032
2240.000000 73.898
2360.000000 74.206
2500.000000 73.634
2650.000000 73.367
2800.000000 73.920
3000.000000 74.334
3150.000000 73.698
3350.000000 74.655
3550.000000 74.406
3750.000000 74.832
4000.000000 75.397
4250.000000 74.972
4500.000000 74.992
4750.000000 74.858
5000.000000 74.857
5300.000000 74.894
5600.000000 75.052
6000.000000 74.791
6300.000000 74.430
6700.000000 74.229
7100.000000 73.922
7500.000000 74.047
8000.000000 73.784
8500.000000 73.995
9000.000000 74.284
9500.000000 73.834
10000.000000 73.264
10600.000000 72.901
11200.000000 72.882
11800.000000 73.289
12500.000000 73.560
13200.000000 73.694
14000.000000 73.705
15000.000000 73.306
16000.000000 72.547
17000.000000 71.985
18000.000000 71.629
19000.000000 71.095
20000.000000 70.606
