21.200001 63.806
22.400000 67.870
23.600000 69.254
25.000000 67.134
26.500000 63.647
28.000000 66.695
30.000000 72.483
31.500000 76.432
33.500000 80.601
35.500000 83.893
37.500000 87.439
40.000000 92.052
42.500000 94.821
45.000000 94.572
47.500000 93.088
50.000000 93.225
53.000000 93.493
56.000000 91.438
60.000000 90.254
63.000000 93.087
67.000000 93.722
71.000000 93.106
75.000000 91.763
80.000000 90.725
85.000000 90.801
90.000000 91.900
95.000000 91.954
100.000000 90.628
106.000000 91.918
112.000000 93.095
118.000000 94.212
125.000000 95.081
132.000000 92.836
140.000000 89.586
150.000000 93.487
160.000000 95.636
170.000000 94.012
180.000000 94.069
190.000000 96.483
200.000000 96.814
212.000000 97.644
224.000000 96.509
236.000000 95.401
250.000000 94.726
265.000000 95.678
280.000000 96.948
300.000000 95.791
315.000000 95.892
335.000000 96.004
355.000000 95.462
375.000000 94.576
400.000000 93.232
425.000000 94.466
450.000000 95.319
475.000000 95.219
500.000000 96.237
530.000000 96.535
560.000000 94.938
600.000000 94.680
630.000000 94.820
670.000000 96.274
710.000000 96.382
750.000000 95.362
800.000000 92.533
850.000000 92.990
900.000000 94.241
950.000000 93.960
1000.000000 93.430
1060.000000 94.704
1120.000000 96.764
1180.000000 96.647
1250.000000 95.598
1320.000000 93.848
1400.000000 94.767
1500.000000 95.138
1600.000000 95.684
1700.000000 94.977
1800.000000 94.752
1900.000000 93.672
2000.000000 92.984
2120.000000 93.321
2240.000000 94.654
2360.000000 95.162
2500.000000 93.993
2650.000000 94.052
2800.000000 95.593
3000.000000 94.521
3150.000000 93.766
3350.000000 95.063
3550.000000 93.720
3750.000000 94.726
4000.000000 94.626
4250.000000 95.200
4500.000000 94.945
4750.000000 95.409
5000.000000 94.420
5300.000000 94.223
5600.000000 94.426
6000.000000 94.438
6300.000000 94.152
6700.000000 93.716
7100.000000 94.177
7500.000000 94.517
8000.000000 94.430
8500.000000 94.413
9000.000000 94.452
9500.000000 94.358
10000.000000 94.078
10600.000000 94.236
11200.000000 94.029
11800.000000 93.750
12500.000000 93.500
13200.000000 93.561
14000.000000 93.795
15000.000000 93.870
16000.000000 93.256
17000.000000 92.554
18000.000000 91.975
19000.000000 91.103
20000.000000 90.370
