21.200001 65.830
22.400000 68.436
23.600000 69.595
25.000000 70.204
26.500000 72.330
28.000000 73.702
30.000000 77.256
31.500000 80.071
33.500000 83.124
35.500000 87.252
37.500000 92.405
40.000000 98.622
42.500000 102.080
45.000000 101.255
47.500000 97.156
50.000000 92.955
53.000000 89.313
56.000000 88.591
60.000000 93.598
63.000000 96.085
67.000000 94.883
71.000000 90.733
75.000000 92.948
80.000000 99.015
85.000000 101.832
90.000000 102.008
95.000000 99.257
100.000000 95.499
106.000000 96.813
112.000000 96.168
118.000000 94.637
125.000000 94.646
132.000000 94.338
140.000000 97.900
150.000000 101.195
160.000000 99.668
170.000000 97.640
180.000000 97.001
190.000000 96.877
200.000000 96.556
212.000000 93.889
224.000000 93.282
236.000000 94.973
250.000000 98.062
265.000000 98.822
280.000000 97.609
300.000000 96.877
315.000000 97.013
335.000000 100.942
355.000000 102.694
375.000000 100.322
400.000000 98.470
425.000000 99.457
450.000000 97.793
475.000000 97.060
500.000000 99.181
530.000000 100.976
560.000000 100.572
600.000000 99.662
630.000000 97.533
670.000000 95.481
710.000000 96.525
750.000000 98.013
800.000000 100.111
850.000000 100.844
900.000000 99.702
950.000000 99.039
1000.000000 98.037
1060.000000 97.697
1120.000000 96.766
1180.000000 95.243
1250.000000 96.065
1320.000000 97.036
1400.000000 98.379
1500.000000 97.869
1600.000000 97.135
1700.000000 96.134
1800.000000 97.105
1900.000000 98.233
2000.000000 98.774
2120.000000 97.471
2240.000000 96.281
2360.000000 97.589
2500.000000 97.816
2650.000000 97.113
2800.000000 97.836
3000.000000 97.202
3150.000000 97.077
3350.000000 97.691
3550.000000 96.882
3750.000000 97.154
4000.000000 97.208
4250.000000 97.487
4500.000000 98.521
4750.000000 99.118
5000.000000 99.177
5300.000000 98.930
5600.000000 98.954
6000.000000 99.324
6300.000000 99.231
6700.000000 98.508
7100.000000 98.647
7500.000000 98.814
8000.000000 99.026
8500.000000 99.318
9000.000000 99.211
9500.000000 98.991
10000.000000 98.473
10600.000000 98.199
11200.000000 97.926
11800.000000 97.708
12500.000000 97.168
13200.000000 96.447
14000.000000 95.638
15000.000000 95.425
16000.000000 95.901
17000.000000 96.162
18000.000000 96.231
19000.000000 95.884
20000.000000 95.369
