21.200001 58.092
22.400000 62.635
23.600000 67.704
25.000000 69.438
26.500000 68.217
28.000000 70.554
30.000000 74.285
31.500000 76.987
33.500000 80.445
35.500000 83.892
37.500000 88.055
40.000000 92.759
42.500000 95.226
45.000000 94.848
47.500000 93.366
50.000000 93.836
53.000000 94.162
56.000000 92.485
60.000000 90.755
63.000000 92.765
67.000000 93.538
71.000000 93.822
75.000000 94.896
80.000000 96.968
85.000000 97.558
90.000000 97.618
95.000000 96.502
100.000000 93.240
106.000000 92.949
112.000000 94.221
118.000000 96.066
125.000000 96.856
132.000000 94.030
140.000000 92.934
150.000000 97.742
160.000000 98.362
170.000000 96.284
180.000000 95.279
190.000000 95.484
200.000000 97.250
212.000000 95.832
224.000000 94.557
236.000000 96.491
250.000000 95.407
265.000000 95.939
280.000000 97.431
300.000000 94.131
315.000000 91.525
335.000000 93.745
355.000000 94.942
375.000000 94.271
400.000000 92.897
425.000000 93.802
450.000000 94.283
475.000000 94.472
500.000000 95.121
530.000000 94.458
560.000000 95.968
600.000000 98.137
630.000000 96.323
670.000000 95.281
710.000000 97.957
750.000000 97.293
800.000000 95.054
850.000000 94.763
900.000000 94.108
950.000000 95.865
1000.000000 97.891
1060.000000 96.119
1120.000000 95.712
1180.000000 96.089
1250.000000 95.570
1320.000000 93.938
1400.000000 94.013
1500.000000 95.577
1600.000000 96.617
1700.000000 95.864
1800.000000 94.307
1900.000000 92.663
2000.000000 93.075
2120.000000 95.445
2240.000000 95.842
2360.000000 94.845
2500.000000 93.737
2650.000000 94.807
2800.000000 95.717
3000.000000 94.450
3150.000000 95.437
3350.000000 95.119
3550.000000 95.178
3750.000000 95.438
4000.000000 95.116
4250.000000 95.671
4500.000000 95.477
4750.000000 95.255
5000.000000 95.001
5300.000000 94.526
5600.000000 94.803
6000.000000 95.296
6300.000000 94.953
6700.000000 94.772
7100.000000 94.978
7500.000000 95.155
8000.000000 94.694
8500.000000 94.586
9000.000000 94.777
9500.000000 94.883
10000.000000 94.791
10600.000000 95.001
11200.000000 94.852
11800.000000 94.826
12500.000000 94.741
13200.000000 94.488
14000.000000 94.010
15000.000000 93.774
16000.000000 93.488
17000.000000 93.269
18000.000000 93.226
19000.000000 93.156
20000.000000 93.044
