21.200001 -29.514
22.400000 -28.898
23.600000 -30.124
25.000000 -29.659
26.500000 -27.652
28.000000 -27.509
30.000000 -23.693
31.500000 -19.918
33.500000 -15.649
35.500000 -11.333
37.500000 -6.328
40.000000 0.401
42.500000 4.565
45.000000 4.122
47.500000 0.287
50.000000 -3.466
53.000000 -6.082
56.000000 -9.206
60.000000 -10.966
63.000000 -8.478
67.000000 -8.002
71.000000 -7.685
75.000000 -4.291
80.000000 1.138
85.000000 3.905
90.000000 4.966
95.000000 3.133
100.000000 -1.765
106.000000 -5.277
112.000000 -5.154
118.000000 -2.964
125.000000 -1.385
132.000000 -2.950
140.000000 -1.003
150.000000 5.143
160.000000 5.495
170.000000 2.034
180.000000 0.111
190.000000 -0.319
200.000000 1.137
212.000000 -0.696
224.000000 -2.279
236.000000 -0.298
250.000000 -0.564
265.000000 1.116
280.000000 2.596
300.000000 -1.032
315.000000 -2.687
335.000000 -1.545
355.000000 -0.296
375.000000 -0.050
400.000000 -1.407
425.000000 -1.243
450.000000 -0.588
475.000000 0.641
500.000000 1.915
530.000000 1.262
560.000000 2.381
600.000000 3.710
630.000000 1.570
670.000000 0.240
710.000000 2.982
750.000000 2.115
800.000000 0.470
850.000000 1.090
900.000000 -0.281
950.000000 0.862
1000.000000 2.666
1060.000000 0.441
1120.000000 -0.336
1180.000000 -0.037
1250.000000 -0.827
1320.000000 -2.729
1400.000000 -3.448
1500.000000 -1.399
1600.000000 0.159
1700.000000 -0.534
1800.000000 -1.997
1900.000000 -3.229
2000.000000 -2.586
2120.000000 -0.489
2240.000000 -0.132
2360.000000 -0.991
2500.000000 -1.801
2650.000000 -0.876
2800.000000 -0.015
3000.000000 -1.646
3150.000000 -0.748
3350.000000 -1.133
3550.000000 -1.323
3750.000000 -1.237
4000.000000 -1.564
4250.000000 -0.468
4500.000000 -0.060
4750.000000 0.066
5000.000000 0.204
5300.000000 -0.026
5600.000000 0.415
6000.000000 0.961
6300.000000 0.658
6700.000000 0.538
7100.000000 0.728
7500.000000 0.811
8000.000000 0.156
8500.000000 -0.188
9000.000000 -0.159
9500.000000 -0.189
10000.000000 -0.439
10600.000000 -0.430
11200.000000 -0.724
11800.000000 -0.957
12500.000000 -1.359
13200.000000 -2.085
14000.000000 -3.342
15000.000000 -3.948
16000.000000 -3.610
17000.000000 -3.395
18000.000000 -3.425
19000.000000 -3.925
20000.000000 -4.475
