21.200001 63.095
22.400000 66.183
23.600000 68.599
25.000000 70.627
26.500000 70.634
28.000000 72.507
30.000000 76.559
31.500000 79.421
33.500000 83.055
35.500000 87.018
37.500000 91.943
40.000000 98.168
42.500000 101.874
45.000000 101.052
47.500000 96.691
50.000000 91.902
53.000000 88.132
56.000000 87.810
60.000000 92.974
63.000000 95.896
67.000000 95.380
71.000000 92.883
75.000000 96.070
80.000000 102.162
85.000000 104.726
90.000000 104.418
95.000000 101.455
100.000000 97.029
106.000000 97.041
112.000000 96.217
118.000000 94.991
125.000000 94.927
132.000000 97.072
140.000000 101.333
150.000000 103.255
160.000000 101.669
170.000000 102.157
180.000000 101.173
190.000000 98.523
200.000000 98.468
212.000000 94.251
224.000000 92.005
236.000000 97.629
250.000000 102.270
265.000000 103.123
280.000000 102.380
300.000000 97.278
315.000000 97.436
335.000000 101.509
355.000000 101.789
375.000000 99.154
400.000000 98.117
425.000000 98.868
450.000000 99.487
475.000000 102.503
500.000000 102.838
530.000000 101.110
560.000000 102.209
600.000000 99.817
630.000000 98.193
670.000000 95.943
710.000000 98.116
750.000000 98.854
800.000000 99.670
850.000000 101.281
900.000000 101.807
950.000000 100.950
1000.000000 99.059
1060.000000 98.437
1120.000000 98.337
1180.000000 98.214
1250.000000 98.417
1320.000000 98.459
1400.000000 99.234
1500.000000 98.665
1600.000000 96.824
1700.000000 96.738
1800.000000 97.973
1900.000000 99.429
2000.000000 99.557
2120.000000 97.951
2240.000000 97.590
2360.000000 98.503
2500.000000 97.875
2650.000000 98.106
2800.000000 98.848
3000.000000 97.286
3150.000000 97.420
3350.000000 97.927
3550.000000 98.359
3750.000000 97.902
4000.000000 97.897
4250.000000 97.707
4500.000000 98.818
4750.000000 99.709
5000.000000 99.750
5300.000000 99.790
5600.000000 99.805
6000.000000 99.776
6300.000000 99.608
6700.000000 99.565
7100.000000 99.970
7500.000000 99.870
8000.000000 99.085
8500.000000 98.827
9000.000000 98.775
9500.000000 98.970
10000.000000 99.087
10600.000000 99.413
11200.000000 99.269
11800.000000 98.956
12500.000000 98.258
13200.000000 97.148
14000.000000 95.830
15000.000000 95.465
16000.000000 96.000
17000.000000 96.400
18000.000000 96.571
19000.000000 96.287
20000.000000 95.907
