21.200001 62.408
22.400000 65.868
23.600000 67.352
25.000000 69.333
26.500000 70.819
28.000000 72.419
30.000000 75.429
31.500000 77.934
33.500000 80.828
35.500000 84.500
37.500000 88.029
40.000000 92.085
42.500000 94.256
45.000000 93.300
47.500000 90.574
50.000000 88.432
53.000000 87.473
56.000000 91.104
60.000000 97.032
63.000000 99.688
67.000000 99.019
71.000000 95.405
75.000000 94.359
80.000000 97.147
85.000000 98.057
90.000000 96.897
95.000000 94.877
100.000000 94.277
106.000000 97.534
112.000000 97.073
118.000000 95.324
125.000000 94.121
132.000000 93.496
140.000000 96.616
150.000000 97.090
160.000000 95.210
170.000000 94.182
180.000000 93.291
190.000000 93.582
200.000000 93.841
212.000000 92.882
224.000000 93.888
236.000000 92.588
250.000000 92.573
265.000000 93.999
280.000000 96.744
300.000000 96.600
315.000000 94.542
335.000000 96.996
355.000000 98.710
375.000000 96.687
400.000000 96.209
425.000000 97.779
450.000000 96.241
475.000000 95.432
500.000000 94.563
530.000000 96.414
560.000000 96.851
600.000000 95.269
630.000000 93.491
670.000000 92.323
710.000000 91.550
750.000000 91.964
800.000000 94.476
850.000000 95.099
900.000000 95.969
950.000000 97.093
1000.000000 96.577
1060.000000 94.917
1120.000000 93.499
1180.000000 92.442
1250.000000 94.383
1320.000000 96.330
1400.000000 97.578
1500.000000 97.251
1600.000000 95.580
1700.000000 94.629
1800.000000 94.675
1900.000000 95.789
2000.000000 96.511
2120.000000 95.196
2240.000000 94.006
2360.000000 95.397
2500.000000 95.252
2650.000000 94.719
2800.000000 95.912
3000.000000 95.898
3150.000000 95.305
3350.000000 95.504
3550.000000 95.722
3750.000000 96.325
4000.000000 95.782
4250.000000 95.556
4500.000000 96.027
4750.000000 95.904
5000.000000 95.885
5300.000000 95.429
5600.000000 95.425
6000.000000 95.638
6300.000000 95.380
6700.000000 94.830
7100.000000 94.994
7500.000000 95.227
8000.000000 95.600
8500.000000 96.066
9000.000000 96.050
9500.000000 95.925
10000.000000 95.570
10600.000000 95.568
11200.000000 95.530
11800.000000 95.449
12500.000000 95.164
13200.000000 94.974
14000.000000 95.073
15000.000000 95.051
16000.000000 94.680
17000.000000 94.430
18000.000000 94.245
19000.000000 93.807
20000.000000 93.358
