21.200001 67.303
22.400000 67.493
23.600000 68.113
25.000000 69.046
26.500000 70.043
28.000000 71.370
30.000000 74.512
31.500000 78.030
33.500000 81.587
35.500000 85.091
37.500000 88.720
40.000000 92.694
42.500000 94.547
45.000000 93.652
47.500000 91.575
50.000000 90.764
53.000000 90.164
56.000000 91.822
60.000000 96.692
63.000000 99.164
67.000000 98.732
71.000000 96.240
75.000000 96.789
80.000000 99.732
85.000000 100.375
90.000000 99.027
95.000000 96.699
100.000000 94.992
106.000000 97.855
112.000000 97.666
118.000000 96.343
125.000000 95.272
132.000000 94.806
140.000000 97.663
150.000000 97.956
160.000000 96.886
170.000000 99.514
180.000000 98.905
190.000000 96.510
200.000000 96.943
212.000000 93.161
224.000000 90.423
236.000000 95.106
250.000000 99.255
265.000000 99.860
280.000000 99.415
300.000000 96.146
315.000000 98.402
335.000000 100.632
355.000000 99.554
375.000000 95.952
400.000000 94.752
425.000000 95.854
450.000000 96.181
475.000000 98.482
500.000000 98.414
530.000000 96.343
560.000000 97.853
600.000000 95.954
630.000000 95.324
670.000000 93.416
710.000000 94.833
750.000000 95.195
800.000000 95.347
850.000000 96.588
900.000000 97.204
950.000000 96.882
1000.000000 95.972
1060.000000 95.445
1120.000000 95.772
1180.000000 96.285
1250.000000 96.860
1320.000000 97.562
1400.000000 98.841
1500.000000 97.906
1600.000000 95.547
1700.000000 95.087
1800.000000 96.066
1900.000000 97.457
2000.000000 97.475
2120.000000 95.743
2240.000000 95.265
2360.000000 96.157
2500.000000 95.465
2650.000000 95.738
2800.000000 96.544
3000.000000 95.239
3150.000000 95.377
3350.000000 95.892
3550.000000 96.495
3750.000000 96.306
4000.000000 96.572
4250.000000 96.142
4500.000000 96.171
4750.000000 96.408
5000.000000 96.182
5300.000000 95.925
5600.000000 95.842
6000.000000 95.801
6300.000000 95.596
6700.000000 95.537
7100.000000 95.888
7500.000000 95.987
8000.000000 95.607
8500.000000 95.536
9000.000000 95.528
9500.000000 95.730
10000.000000 96.045
10600.000000 96.640
11200.000000 96.690
11800.000000 96.573
12500.000000 96.122
13200.000000 95.537
14000.000000 95.072
15000.000000 95.076
16000.000000 95.066
17000.000000 95.069
18000.000000 95.278
19000.000000 95.464
20000.000000 95.521
