21.200001 57.636
22.400000 58.039
23.600000 61.514
25.000000 63.973
26.500000 63.976
28.000000 66.897
30.000000 71.730
31.500000 75.330
33.500000 79.236
35.500000 83.002
37.500000 86.569
40.000000 91.649
42.500000 94.709
45.000000 94.920
47.500000 94.328
50.000000 95.789
53.000000 96.940
56.000000 95.435
60.000000 91.193
63.000000 89.083
67.000000 90.460
71.000000 93.419
75.000000 94.243
80.000000 94.303
85.000000 93.927
90.000000 94.954
95.000000 95.455
100.000000 94.211
106.000000 93.330
112.000000 90.603
118.000000 90.770
125.000000 92.969
132.000000 94.039
140.000000 93.705
150.000000 91.571
160.000000 91.077
170.000000 94.009
180.000000 94.217
190.000000 92.857
200.000000 93.152
212.000000 93.563
224.000000 94.211
236.000000 94.561
250.000000 94.340
265.000000 89.123
280.000000 87.926
300.000000 90.744
315.000000 91.513
335.000000 93.359
355.000000 96.629
375.000000 96.074
400.000000 95.198
425.000000 95.583
450.000000 97.286
475.000000 95.115
500.000000 94.096
530.000000 92.418
560.000000 92.509
600.000000 96.152
630.000000 97.084
670.000000 98.297
710.000000 95.930
750.000000 95.175
800.000000 94.972
850.000000 95.179
900.000000 95.247
950.000000 93.660
1000.000000 92.813
1060.000000 92.439
1120.000000 94.122
1180.000000 95.387
1250.000000 96.586
1320.000000 96.580
1400.000000 94.377
1500.000000 92.628
1600.000000 92.256
1700.000000 93.953
1800.000000 94.010
1900.000000 93.829
2000.000000 94.025
2120.000000 94.134
2240.000000 93.121
2360.000000 92.136
2500.000000 93.743
2650.000000 94.696
2800.000000 93.584
3000.000000 93.555
3150.000000 95.105
3350.000000 94.447
3550.000000 94.902
3750.000000 94.523
4000.000000 93.812
4250.000000 95.128
4500.000000 95.010
4750.000000 94.720
5000.000000 93.553
5300.000000 93.304
5600.000000 93.388
6000.000000 93.786
6300.000000 93.846
6700.000000 93.621
7100.000000 93.923
7500.000000 93.678
8000.000000 93.410
8500.000000 94.085
9000.000000 94.208
9500.000000 93.961
10000.000000 93.596
10600.000000 93.512
11200.000000 93.368
11800.000000 93.195
12500.000000 93.024
13200.000000 93.022
14000.000000 93.271
15000.000000 92.909
16000.000000 92.077
17000.000000 91.593
18000.000000 91.386
19000.000000 91.068
20000.000000 90.759
