21.200001 62.228
22.400000 64.182
23.600000 64.786
25.000000 66.689
26.500000 69.009
28.000000 70.541
30.000000 73.425
31.500000 76.682
33.500000 81.006
35.500000 84.713
37.500000 88.577
40.000000 93.245
42.500000 95.568
45.000000 95.249
47.500000 93.928
50.000000 94.545
53.000000 94.723
56.000000 93.330
60.000000 92.309
63.000000 93.381
67.000000 93.303
71.000000 92.812
75.000000 93.953
80.000000 96.421
85.000000 97.237
90.000000 97.517
95.000000 96.370
100.000000 93.007
106.000000 93.147
112.000000 94.560
118.000000 96.303
125.000000 97.243
132.000000 94.619
140.000000 92.538
150.000000 97.567
160.000000 98.240
170.000000 96.850
180.000000 96.034
190.000000 95.630
200.000000 97.364
212.000000 95.446
224.000000 93.724
236.000000 93.258
250.000000 93.367
265.000000 95.416
280.000000 96.901
300.000000 93.591
315.000000 93.425
335.000000 95.527
355.000000 96.443
375.000000 95.004
400.000000 94.278
425.000000 95.179
450.000000 94.691
475.000000 93.614
500.000000 94.456
530.000000 94.391
560.000000 95.530
600.000000 98.025
630.000000 96.427
670.000000 95.714
710.000000 96.818
750.000000 96.597
800.000000 95.260
850.000000 94.293
900.000000 92.909
950.000000 95.392
1000.000000 97.876
1060.000000 95.997
1120.000000 94.715
1180.000000 95.139
1250.000000 94.942
1320.000000 94.697
1400.000000 94.698
1500.000000 95.791
1600.000000 96.285
1700.000000 95.710
1800.000000 94.597
1900.000000 93.361
2000.000000 93.674
2120.000000 95.244
2240.000000 95.164
2360.000000 94.001
2500.000000 93.069
2650.000000 94.831
2800.000000 95.701
3000.000000 94.329
3150.000000 95.314
3350.000000 95.583
3550.000000 95.657
3750.000000 95.797
4000.000000 95.674
4250.000000 95.747
4500.000000 95.600
4750.000000 95.330
5000.000000 95.101
5300.000000 94.498
5600.000000 94.618
6000.000000 95.162
6300.000000 94.945
6700.000000 94.794
7100.000000 95.308
7500.000000 95.443
8000.000000 94.964
8500.000000 94.855
9000.000000 94.787
9500.000000 94.891
10000.000000 94.876
10600.000000 95.086
11200.000000 94.953
11800.000000 94.936
12500.000000 94.694
13200.000000 94.285
14000.000000 93.936
15000.000000 93.854
16000.000000 93.669
17000.000000 93.525
18000.000000 93.649
19000.000000 93.828
20000.000000 93.882
