21.200001 58.800
22.400000 64.411
23.600000 66.527
25.000000 65.232
26.500000 66.134
28.000000 68.044
30.000000 71.210
31.500000 74.663
33.500000 79.581
35.500000 83.892
37.500000 88.084
40.000000 93.116
42.500000 95.626
45.000000 95.467
47.500000 94.738
50.000000 96.260
53.000000 97.183
56.000000 95.972
60.000000 92.973
63.000000 91.191
67.000000 90.944
71.000000 91.167
75.000000 90.254
80.000000 90.747
85.000000 91.730
90.000000 94.040
95.000000 94.764
100.000000 93.490
106.000000 92.730
112.000000 90.036
118.000000 90.687
125.000000 93.233
132.000000 94.118
140.000000 93.371
150.000000 91.713
160.000000 92.391
170.000000 93.649
180.000000 94.290
190.000000 91.717
200.000000 91.952
212.000000 96.030
224.000000 97.355
236.000000 96.822
250.000000 96.039
265.000000 94.000
280.000000 93.726
300.000000 92.651
315.000000 93.849
335.000000 92.680
355.000000 90.842
375.000000 93.286
400.000000 95.869
425.000000 95.393
450.000000 96.570
475.000000 95.003
500.000000 95.194
530.000000 95.121
560.000000 94.267
600.000000 96.639
630.000000 97.961
670.000000 98.491
710.000000 96.625
750.000000 97.450
800.000000 96.261
850.000000 96.278
900.000000 96.050
950.000000 94.226
1000.000000 93.101
1060.000000 92.158
1120.000000 92.841
1180.000000 94.780
1250.000000 96.207
1320.000000 96.065
1400.000000 94.081
1500.000000 92.212
1600.000000 92.182
1700.000000 92.580
1800.000000 93.349
1900.000000 93.935
2000.000000 94.371
2120.000000 93.816
2240.000000 92.445
2360.000000 92.595
2500.000000 94.141
2650.000000 94.915
2800.000000 94.477
3000.000000 94.454
3150.000000 94.690
3350.000000 94.457
3550.000000 94.387
3750.000000 94.332
4000.000000 94.043
4250.000000 94.747
4500.000000 94.269
4750.000000 94.274
5000.000000 93.517
5300.000000 93.240
5600.000000 93.603
6000.000000 93.976
6300.000000 93.870
6700.000000 93.264
7100.000000 93.560
7500.000000 93.728
8000.000000 93.420
8500.000000 93.942
9000.000000 94.295
9500.000000 94.204
10000.000000 93.838
10600.000000 93.646
11200.000000 93.547
11800.000000 93.530
12500.000000 93.328
13200.000000 93.295
14000.000000 93.090
15000.000000 92.979
16000.000000 92.575
17000.000000 92.161
18000.000000 92.055
19000.000000 92.031
20000.000000 91.984
