21.200001 68.008
22.400000 69.121
23.600000 69.148
25.000000 68.392
26.500000 70.153
28.000000 73.387
30.000000 75.894
31.500000 78.060
33.500000 81.958
35.500000 85.871
37.500000 89.291
40.000000 93.240
42.500000 94.794
45.000000 93.829
47.500000 91.970
50.000000 91.807
53.000000 91.211
56.000000 92.763
60.000000 97.545
63.000000 99.564
67.000000 98.382
71.000000 94.189
75.000000 93.808
80.000000 96.721
85.000000 97.531
90.000000 96.597
95.000000 94.570
100.000000 94.047
106.000000 97.758
112.000000 97.611
118.000000 95.836
125.000000 94.846
132.000000 92.796
140.000000 94.537
150.000000 95.954
160.000000 94.451
170.000000 94.853
180.000000 94.973
190.000000 95.084
200.000000 94.931
212.000000 92.933
224.000000 93.343
236.000000 93.451
250.000000 95.097
265.000000 95.442
280.000000 94.781
300.000000 95.063
315.000000 95.704
335.000000 99.037
355.000000 99.965
375.000000 97.198
400.000000 95.276
425.000000 96.695
450.000000 94.956
475.000000 93.461
500.000000 94.735
530.000000 96.105
560.000000 95.876
600.000000 95.134
630.000000 92.834
670.000000 92.424
710.000000 93.628
750.000000 94.163
800.000000 96.140
850.000000 96.568
900.000000 95.373
950.000000 95.157
1000.000000 94.866
1060.000000 94.889
1120.000000 93.917
1180.000000 93.122
1250.000000 95.159
1320.000000 96.374
1400.000000 97.843
1500.000000 96.959
1600.000000 95.652
1700.000000 94.674
1800.000000 95.274
1900.000000 96.161
2000.000000 96.618
2120.000000 95.290
2240.000000 94.474
2360.000000 95.682
2500.000000 95.625
2650.000000 95.131
2800.000000 95.761
3000.000000 94.877
3150.000000 94.790
3350.000000 95.495
3550.000000 95.384
3750.000000 95.789
4000.000000 95.975
4250.000000 95.822
4500.000000 96.140
4750.000000 96.208
5000.000000 95.843
5300.000000 95.314
5600.000000 95.319
6000.000000 95.626
6300.000000 95.490
6700.000000 94.736
7100.000000 94.924
7500.000000 95.117
8000.000000 95.543
8500.000000 96.052
9000.000000 96.127
9500.000000 96.016
10000.000000 95.618
10600.000000 95.551
11200.000000 95.514
11800.000000 95.538
12500.000000 95.304
13200.000000 95.116
14000.000000 95.109
15000.000000 95.219
16000.000000 95.099
17000.000000 94.998
18000.000000 95.105
19000.000000 95.172
20000.000000 95.052
