21.200001 66.761
22.400000 66.783
23.600000 66.835
25.000000 67.877
26.500000 66.733
28.000000 66.545
30.000000 70.962
31.500000 74.689
33.500000 78.781
35.500000 84.299
37.500000 90.731
40.000000 98.002
42.500000 102.439
45.000000 102.341
47.500000 98.922
50.000000 96.089
53.000000 94.548
56.000000 91.884
60.000000 87.673
63.000000 86.130
67.000000 86.274
71.000000 89.130
75.000000 92.846
80.000000 97.868
85.000000 100.586
90.000000 102.396
95.000000 101.538
100.000000 97.732
106.000000 93.680
112.000000 89.981
118.000000 91.794
125.000000 95.322
132.000000 97.258
140.000000 97.748
150.000000 97.623
160.000000 98.839
170.000000 102.017
180.000000 102.449
190.000000 99.734
200.000000 98.592
212.000000 96.475
224.000000 94.673
236.000000 96.312
250.000000 98.042
265.000000 99.805
280.000000 101.873
300.000000 101.794
315.000000 99.760
335.000000 96.496
355.000000 98.167
375.000000 96.759
400.000000 97.680
425.000000 98.368
450.000000 97.712
475.000000 97.104
500.000000 98.327
530.000000 101.202
560.000000 100.860
600.000000 98.246
630.000000 96.619
670.000000 98.744
710.000000 101.424
750.000000 102.009
800.000000 100.965
850.000000 101.906
900.000000 101.418
950.000000 99.397
1000.000000 98.337
1060.000000 97.454
1120.000000 97.696
1180.000000 98.699
1250.000000 97.374
1320.000000 97.323
1400.000000 95.999
1500.000000 94.955
1600.000000 96.040
1700.000000 97.817
1800.000000 96.814
1900.000000 96.508
2000.000000 96.202
2120.000000 95.404
2240.000000 94.439
2360.000000 96.152
2500.000000 97.322
2650.000000 97.153
2800.000000 95.852
3000.000000 96.659
3150.000000 97.229
3350.000000 96.097
3550.000000 96.893
3750.000000 96.963
4000.000000 96.891
4250.000000 96.900
4500.000000 97.600
4750.000000 98.644
5000.000000 98.175
5300.000000 97.877
5600.000000 97.917
6000.000000 97.880
6300.000000 98.028
6700.000000 98.149
7100.000000 98.511
7500.000000 98.176
8000.000000 97.263
8500.000000 97.283
9000.000000 97.282
9500.000000 96.933
10000.000000 96.918
10600.000000 97.046
11200.000000 97.032
11800.000000 96.722
12500.000000 95.864
13200.000000 94.730
14000.000000 93.676
15000.000000 93.392
16000.000000 93.488
17000.000000 93.594
18000.000000 93.618
19000.000000 93.223
20000.000000 92.746
