21.200001 62.222
22.400000 64.320
23.600000 67.254
25.000000 68.692
26.500000 70.452
28.000000 71.444
30.000000 74.183
31.500000 76.922
33.500000 80.410
35.500000 84.484
37.500000 89.247
40.000000 94.031
42.500000 95.975
45.000000 95.403
47.500000 94.183
50.000000 95.042
53.000000 94.859
56.000000 93.477
60.000000 93.803
63.000000 94.688
67.000000 93.531
71.000000 90.453
75.000000 87.214
80.000000 86.514
85.000000 88.532
90.000000 91.016
95.000000 90.999
100.000000 89.327
106.000000 92.207
112.000000 94.098
118.000000 94.628
125.000000 95.606
132.000000 94.096
140.000000 90.406
150.000000 93.352
160.000000 95.176
170.000000 93.311
180.000000 94.675
190.000000 97.549
200.000000 97.655
212.000000 98.259
224.000000 97.982
236.000000 96.170
250.000000 92.994
265.000000 91.042
280.000000 92.679
300.000000 94.383
315.000000 95.504
335.000000 94.654
355.000000 94.130
375.000000 93.960
400.000000 94.534
425.000000 95.317
450.000000 95.213
475.000000 95.286
500.000000 97.226
530.000000 96.876
560.000000 93.015
600.000000 93.733
630.000000 95.105
670.000000 95.647
710.000000 95.180
750.000000 95.484
800.000000 93.627
850.000000 93.348
900.000000 93.760
950.000000 93.638
1000.000000 93.111
1060.000000 94.242
1120.000000 96.205
1180.000000 95.662
1250.000000 94.340
1320.000000 92.697
1400.000000 93.707
1500.000000 95.304
1600.000000 96.583
1700.000000 95.436
1800.000000 94.975
1900.000000 93.869
2000.000000 92.957
2120.000000 93.550
2240.000000 95.052
2360.000000 95.710
2500.000000 94.268
2650.000000 94.295
2800.000000 95.726
3000.000000 95.155
3150.000000 94.728
3350.000000 95.291
3550.000000 94.272
3750.000000 95.089
4000.000000 94.868
4250.000000 95.150
4500.000000 94.929
4750.000000 95.237
5000.000000 94.609
5300.000000 94.205
5600.000000 94.241
6000.000000 94.989
6300.000000 94.592
6700.000000 94.275
7100.000000 94.638
7500.000000 94.784
8000.000000 94.681
8500.000000 94.681
9000.000000 94.703
9500.000000 94.615
10000.000000 94.404
10600.000000 94.389
11200.000000 94.204
11800.000000 93.807
12500.000000 93.439
13200.000000 93.384
14000.000000 93.900
15000.000000 94.429
16000.000000 93.832
17000.000000 93.191
18000.000000 92.939
19000.000000 92.724
20000.000000 92.489
