21.200001 -36.668
22.400000 -34.744
23.600000 -33.385
25.000000 -29.995
26.500000 -29.028
28.000000 -27.161
30.000000 -22.789
31.500000 -20.334
33.500000 -16.118
35.500000 -11.431
37.500000 -5.792
40.000000 0.974
42.500000 5.025
45.000000 4.584
47.500000 0.743
50.000000 -2.790
53.000000 -5.327
56.000000 -8.263
60.000000 -9.626
63.000000 -8.157
67.000000 -8.386
71.000000 -8.767
75.000000 -5.020
80.000000 0.743
85.000000 3.612
90.000000 4.773
95.000000 2.993
100.000000 -1.967
106.000000 -5.388
112.000000 -4.970
118.000000 -2.685
125.000000 -0.858
132.000000 -2.409
140.000000 -1.673
150.000000 4.957
160.000000 5.496
170.000000 2.344
180.000000 0.303
190.000000 -0.961
200.000000 0.393
212.000000 -1.904
224.000000 -4.068
236.000000 -4.540
250.000000 -2.756
265.000000 0.654
280.000000 1.373
300.000000 -2.427
315.000000 -2.805
335.000000 -0.805
355.000000 1.136
375.000000 1.337
400.000000 -0.243
425.000000 -0.122
450.000000 -0.532
475.000000 -0.729
500.000000 0.964
530.000000 1.119
560.000000 2.135
600.000000 4.232
630.000000 2.260
670.000000 0.201
710.000000 2.132
750.000000 2.506
800.000000 0.912
850.000000 0.232
900.000000 -1.035
950.000000 0.076
1000.000000 2.482
1060.000000 0.746
1120.000000 -1.259
1180.000000 -1.078
1250.000000 -1.510
1320.000000 -2.461
1400.000000 -3.120
1500.000000 -1.109
1600.000000 0.105
1700.000000 -0.601
1800.000000 -1.113
1900.000000 -1.946
2000.000000 -1.545
2120.000000 -0.263
2240.000000 -0.504
2360.000000 -1.914
2500.000000 -2.817
2650.000000 -0.789
2800.000000 0.407
3000.000000 -1.292
3150.000000 -0.584
3350.000000 -0.618
3550.000000 -0.992
3750.000000 -1.129
4000.000000 -1.130
4250.000000 -0.190
4500.000000 0.360
4750.000000 0.365
5000.000000 0.193
5300.000000 0.266
5600.000000 0.554
6000.000000 1.034
6300.000000 0.747
6700.000000 0.637
7100.000000 0.924
7500.000000 1.072
8000.000000 0.333
8500.000000 0.025
9000.000000 0.079
9500.000000 0.092
10000.000000 -0.138
10600.000000 -0.160
11200.000000 -0.415
11800.000000 -0.658
12500.000000 -1.241
13200.000000 -2.057
14000.000000 -3.337
15000.000000 -3.828
16000.000000 -3.326
17000.000000 -3.108
18000.000000 -3.010
19000.000000 -3.295
20000.000000 -3.721
