21.200001 65.935
22.400000 70.044
23.600000 70.739
25.000000 70.028
26.500000 71.943
28.000000 74.391
30.000000 76.889
31.500000 79.307
33.500000 82.742
35.500000 86.533
37.500000 91.329
40.000000 97.702
42.500000 101.656
45.000000 100.809
47.500000 96.208
50.000000 90.539
53.000000 85.512
56.000000 86.832
60.000000 93.323
63.000000 96.388
67.000000 95.581
71.000000 91.747
75.000000 93.253
80.000000 99.473
85.000000 102.232
90.000000 102.143
95.000000 99.428
100.000000 95.809
106.000000 96.641
112.000000 95.677
118.000000 94.048
125.000000 93.811
132.000000 95.577
140.000000 100.092
150.000000 102.247
160.000000 100.412
170.000000 97.256
180.000000 95.717
190.000000 96.187
200.000000 96.285
212.000000 94.025
224.000000 94.748
236.000000 93.910
250.000000 94.983
265.000000 96.977
280.000000 99.720
300.000000 99.418
315.000000 96.920
335.000000 98.891
355.000000 101.254
375.000000 100.062
400.000000 99.261
425.000000 100.544
450.000000 98.895
475.000000 98.613
500.000000 98.837
530.000000 100.965
560.000000 101.191
600.000000 99.012
630.000000 96.775
670.000000 95.166
710.000000 94.612
750.000000 95.570
800.000000 97.762
850.000000 98.936
900.000000 100.010
950.000000 100.725
1000.000000 99.493
1060.000000 97.191
1120.000000 95.657
1180.000000 94.563
1250.000000 95.671
1320.000000 96.961
1400.000000 97.971
1500.000000 97.950
1600.000000 96.995
1700.000000 96.191
1800.000000 96.186
1900.000000 97.554
2000.000000 98.447
2120.000000 97.259
2240.000000 96.194
2360.000000 97.564
2500.000000 97.502
2650.000000 96.747
2800.000000 98.153
3000.000000 98.135
3150.000000 97.621
3350.000000 97.535
3550.000000 96.924
3750.000000 97.577
4000.000000 97.393
4250.000000 97.814
4500.000000 98.591
4750.000000 98.713
5000.000000 98.915
5300.000000 98.674
5600.000000 98.980
6000.000000 99.540
6300.000000 99.318
6700.000000 98.721
7100.000000 98.844
7500.000000 98.978
8000.000000 99.028
8500.000000 99.180
9000.000000 99.030
9500.000000 98.745
10000.000000 98.224
10600.000000 98.104
11200.000000 97.828
11800.000000 97.476
12500.000000 96.924
13200.000000 96.385
14000.000000 95.729
15000.000000 95.275
16000.000000 95.533
17000.000000 95.710
18000.000000 95.500
19000.000000 94.621
20000.000000 93.731
