21.200001 64.460
22.400000 67.211
23.600000 70.510
25.000000 71.785
26.500000 72.283
28.000000 72.679
30.000000 75.365
31.500000 78.463
33.500000 82.207
35.500000 86.186
37.500000 91.166
40.000000 97.968
42.500000 102.334
45.000000 101.929
47.500000 97.970
50.000000 93.845
53.000000 91.238
56.000000 87.897
60.000000 86.356
63.000000 89.529
67.000000 89.968
71.000000 89.048
75.000000 89.260
80.000000 92.399
85.000000 95.028
90.000000 96.965
95.000000 96.113
100.000000 92.855
106.000000 91.186
112.000000 91.319
118.000000 92.931
125.000000 94.711
132.000000 93.731
140.000000 92.959
150.000000 98.786
160.000000 100.494
170.000000 97.818
180.000000 96.462
190.000000 97.967
200.000000 98.412
212.000000 99.438
224.000000 97.777
236.000000 96.184
250.000000 97.293
265.000000 99.160
280.000000 100.061
300.000000 97.146
315.000000 96.667
335.000000 96.951
355.000000 96.220
375.000000 97.273
400.000000 97.001
425.000000 97.455
450.000000 98.334
475.000000 99.314
500.000000 101.371
530.000000 101.339
560.000000 99.252
600.000000 98.848
630.000000 98.209
670.000000 98.655
710.000000 98.954
750.000000 98.599
800.000000 96.325
850.000000 97.718
900.000000 98.934
950.000000 98.412
1000.000000 96.976
1060.000000 97.201
1120.000000 98.705
1180.000000 98.287
1250.000000 96.883
1320.000000 94.711
1400.000000 95.590
1500.000000 96.189
1600.000000 97.058
1700.000000 96.595
1800.000000 96.371
1900.000000 95.419
2000.000000 94.964
2120.000000 95.511
2240.000000 96.806
2360.000000 97.196
2500.000000 95.591
2650.000000 95.829
2800.000000 97.544
3000.000000 96.603
3150.000000 95.646
3350.000000 96.808
3550.000000 95.181
3750.000000 95.893
4000.000000 95.809
4250.000000 96.790
4500.000000 97.318
4750.000000 98.068
5000.000000 97.461
5300.000000 97.669
5600.000000 97.944
6000.000000 98.171
6300.000000 97.958
6700.000000 97.474
7100.000000 97.847
7500.000000 98.000
8000.000000 97.794
8500.000000 97.737
9000.000000 97.569
9500.000000 97.344
10000.000000 96.916
10600.000000 96.883
11200.000000 96.408
11800.000000 95.908
12500.000000 95.353
13200.000000 94.861
14000.000000 94.229
15000.000000 94.055
16000.000000 94.089
17000.000000 93.941
18000.000000 93.431
19000.000000 92.175
20000.000000 90.920
