21.200001 64.691
22.400000 64.063
23.600000 64.842
25.000000 66.467
26.500000 65.905
28.000000 67.571
30.000000 72.287
31.500000 75.951
33.500000 79.929
35.500000 83.467
37.500000 87.274
40.000000 92.281
42.500000 95.015
45.000000 95.105
47.500000 94.510
50.000000 96.060
53.000000 97.108
56.000000 95.818
60.000000 92.160
63.000000 89.792
67.000000 89.937
71.000000 92.634
75.000000 94.064
80.000000 95.682
85.000000 96.185
90.000000 97.203
95.000000 97.254
100.000000 95.062
106.000000 93.055
112.000000 90.568
118.000000 92.479
125.000000 94.973
132.000000 95.601
140.000000 94.714
150.000000 93.227
160.000000 94.972
170.000000 98.852
180.000000 99.555
190.000000 97.516
200.000000 96.852
212.000000 95.716
224.000000 94.423
236.000000 95.277
250.000000 96.245
265.000000 96.778
280.000000 98.674
300.000000 99.635
315.000000 98.666
335.000000 96.252
355.000000 96.569
375.000000 94.426
400.000000 94.822
425.000000 95.141
450.000000 93.841
475.000000 92.066
500.000000 92.827
530.000000 96.101
560.000000 96.071
600.000000 94.557
630.000000 94.101
670.000000 96.363
710.000000 98.602
750.000000 98.822
800.000000 97.514
850.000000 97.946
900.000000 97.299
950.000000 95.951
1000.000000 95.172
1060.000000 94.221
1120.000000 95.342
1180.000000 96.885
1250.000000 96.135
1320.000000 96.309
1400.000000 94.911
1500.000000 93.817
1600.000000 94.282
1700.000000 95.772
1800.000000 94.737
1900.000000 94.408
2000.000000 94.086
2120.000000 93.424
2240.000000 92.589
2360.000000 94.008
2500.000000 94.941
2650.000000 94.652
2800.000000 93.235
3000.000000 94.542
3150.000000 95.280
3350.000000 94.318
3550.000000 95.352
3750.000000 95.474
4000.000000 95.280
4250.000000 94.956
4500.000000 95.092
4750.000000 95.293
5000.000000 94.217
5300.000000 94.112
5600.000000 94.454
6000.000000 94.348
6300.000000 94.206
6700.000000 94.002
7100.000000 94.439
7500.000000 94.301
8000.000000 93.606
8500.000000 93.779
9000.000000 93.755
9500.000000 93.911
10000.000000 94.127
10600.000000 94.398
11200.000000 94.558
11800.000000 94.428
12500.000000 93.997
13200.000000 93.480
14000.000000 93.268
15000.000000 93.262
16000.000000 92.822
17000.000000 92.452
18000.000000 92.443
19000.000000 92.425
20000.000000 92.308
