21.200001 63.592
22.400000 63.708
23.600000 65.686
25.000000 65.981
26.500000 68.573
28.000000 71.423
30.000000 74.348
31.500000 77.163
33.500000 80.442
35.500000 84.541
37.500000 90.177
40.000000 97.510
42.500000 102.124
45.000000 102.049
47.500000 98.702
50.000000 95.895
53.000000 94.508
56.000000 91.818
60.000000 87.127
63.000000 85.411
67.000000 86.503
71.000000 89.588
75.000000 92.373
80.000000 96.023
85.000000 98.213
90.000000 100.152
95.000000 99.655
100.000000 96.534
106.000000 93.533
112.000000 89.876
118.000000 90.009
125.000000 93.416
132.000000 95.905
140.000000 96.725
150.000000 96.291
160.000000 95.840
170.000000 97.444
180.000000 97.228
190.000000 94.814
200.000000 94.580
212.000000 94.481
224.000000 94.744
236.000000 95.852
250.000000 96.189
265.000000 91.368
280.000000 91.025
300.000000 94.467
315.000000 93.604
335.000000 94.590
355.000000 99.053
375.000000 99.070
400.000000 98.233
425.000000 98.923
450.000000 100.489
475.000000 98.605
500.000000 98.622
530.000000 97.516
560.000000 97.209
600.000000 100.422
630.000000 100.815
670.000000 101.343
710.000000 98.993
750.000000 98.414
800.000000 98.555
850.000000 99.855
900.000000 99.646
950.000000 97.508
1000.000000 96.371
1060.000000 95.434
1120.000000 96.528
1180.000000 97.276
1250.000000 97.744
1320.000000 97.431
1400.000000 94.820
1500.000000 93.832
1600.000000 93.466
1700.000000 95.484
1800.000000 95.551
1900.000000 95.810
2000.000000 96.225
2120.000000 96.119
2240.000000 95.246
2360.000000 94.609
2500.000000 96.063
2650.000000 96.656
2800.000000 95.536
3000.000000 95.699
3150.000000 97.116
3350.000000 96.197
3550.000000 96.613
3750.000000 96.490
4000.000000 95.957
4250.000000 96.835
4500.000000 96.983
4750.000000 97.147
5000.000000 96.445
5300.000000 96.443
5600.000000 96.839
6000.000000 97.353
6300.000000 97.318
6700.000000 96.812
7100.000000 96.980
7500.000000 96.954
8000.000000 96.910
8500.000000 97.355
9000.000000 97.171
9500.000000 96.886
10000.000000 96.499
10600.000000 96.158
11200.000000 95.747
11800.000000 95.600
12500.000000 95.156
13200.000000 94.678
14000.000000 94.054
15000.000000 93.324
16000.000000 93.114
17000.000000 93.095
18000.000000 92.956
19000.000000 92.221
20000.000000 91.428
