21.200001 63.985
22.400000 67.073
23.600000 67.880
25.000000 69.250
26.500000 70.723
28.000000 72.718
30.000000 76.402
31.500000 78.771
33.500000 82.060
35.500000 86.936
37.500000 92.758
40.000000 99.379
42.500000 103.238
45.000000 102.793
47.500000 98.988
50.000000 95.617
53.000000 92.892
56.000000 89.966
60.000000 90.263
63.000000 91.651
67.000000 90.249
71.000000 86.259
75.000000 84.424
80.000000 88.734
85.000000 92.839
90.000000 95.902
95.000000 95.084
100.000000 91.280
106.000000 91.078
112.000000 92.289
118.000000 93.461
125.000000 95.676
132.000000 95.258
140.000000 93.301
150.000000 98.205
160.000000 100.119
170.000000 97.421
180.000000 97.260
190.000000 99.165
200.000000 99.279
212.000000 99.765
224.000000 98.490
236.000000 96.258
250.000000 94.357
265.000000 94.263
280.000000 94.686
300.000000 92.673
315.000000 93.406
335.000000 93.881
355.000000 94.896
375.000000 96.988
400.000000 97.568
425.000000 97.409
450.000000 98.013
475.000000 99.512
500.000000 102.961
530.000000 102.837
560.000000 98.362
600.000000 97.505
630.000000 97.964
670.000000 98.356
710.000000 97.779
750.000000 98.480
800.000000 96.370
850.000000 96.109
900.000000 97.313
950.000000 97.409
1000.000000 96.174
1060.000000 96.162
1120.000000 97.958
1180.000000 97.632
1250.000000 96.245
1320.000000 94.166
1400.000000 94.750
1500.000000 96.228
1600.000000 97.940
1700.000000 97.249
1800.000000 96.583
1900.000000 95.534
2000.000000 94.711
2120.000000 95.435
2240.000000 97.219
2360.000000 97.930
2500.000000 96.555
2650.000000 96.482
2800.000000 97.819
3000.000000 97.120
3150.000000 96.424
3350.000000 96.769
3550.000000 95.725
3750.000000 96.444
4000.000000 96.389
4250.000000 96.995
4500.000000 97.278
4750.000000 98.182
5000.000000 97.864
5300.000000 98.009
5600.000000 98.122
6000.000000 98.860
6300.000000 98.430
6700.000000 98.194
7100.000000 98.491
7500.000000 98.391
8000.000000 98.202
8500.000000 97.977
9000.000000 97.693
9500.000000 97.465
10000.000000 97.203
10600.000000 96.966
11200.000000 96.613
11800.000000 95.947
12500.000000 95.312
13200.000000 94.790
14000.000000 94.387
15000.000000 94.331
16000.000000 94.471
17000.000000 94.313
18000.000000 94.040
19000.000000 93.439
20000.000000 92.834
