21.200001 58.472
22.400000 57.477
23.600000 57.727
25.000000 60.942
26.500000 63.612
28.000000 66.316
30.000000 71.484
31.500000 75.458
33.500000 79.827
35.500000 85.106
37.500000 91.430
40.000000 98.659
42.500000 102.923
45.000000 102.725
47.500000 99.194
50.000000 96.423
53.000000 94.785
56.000000 92.208
60.000000 88.733
63.000000 87.405
67.000000 87.083
71.000000 87.219
75.000000 88.590
80.000000 93.185
85.000000 96.382
90.000000 99.094
95.000000 98.801
100.000000 95.702
106.000000 92.955
112.000000 89.374
118.000000 90.100
125.000000 93.882
132.000000 96.006
140.000000 96.616
150.000000 96.050
160.000000 96.047
170.000000 97.178
180.000000 97.734
190.000000 94.548
200.000000 93.023
212.000000 96.411
224.000000 98.057
236.000000 97.837
250.000000 97.924
265.000000 96.904
280.000000 96.759
300.000000 94.093
315.000000 93.180
335.000000 91.729
355.000000 94.270
375.000000 97.200
400.000000 99.252
425.000000 98.671
450.000000 99.668
475.000000 98.582
500.000000 99.738
530.000000 99.768
560.000000 98.370
600.000000 100.226
630.000000 101.077
670.000000 101.451
710.000000 99.803
750.000000 100.507
800.000000 99.779
850.000000 100.801
900.000000 100.585
950.000000 98.145
1000.000000 96.646
1060.000000 95.235
1120.000000 95.476
1180.000000 97.264
1250.000000 97.748
1320.000000 97.096
1400.000000 94.836
1500.000000 93.621
1600.000000 93.549
1700.000000 94.238
1800.000000 95.072
1900.000000 95.681
2000.000000 96.241
2120.000000 95.955
2240.000000 94.530
2360.000000 94.486
2500.000000 96.212
2650.000000 97.126
2800.000000 96.607
3000.000000 96.420
3150.000000 96.739
3350.000000 96.412
3550.000000 96.120
3750.000000 95.865
4000.000000 95.586
4250.000000 96.765
4500.000000 96.703
4750.000000 97.103
5000.000000 96.730
5300.000000 96.984
5600.000000 97.546
6000.000000 97.809
6300.000000 97.770
6700.000000 97.198
7100.000000 97.409
7500.000000 97.291
8000.000000 96.847
8500.000000 97.418
9000.000000 97.504
9500.000000 97.212
10000.000000 96.803
10600.000000 96.462
11200.000000 96.216
11800.000000 95.972
12500.000000 95.397
13200.000000 94.799
14000.000000 93.920
15000.000000 93.502
16000.000000 93.605
17000.000000 93.628
18000.000000 93.550
19000.000000 93.093
20000.000000 92.577
