21.200001 60.456
22.400000 63.505
23.600000 66.666
25.000000 67.049
26.500000 69.502
28.000000 71.687
30.000000 74.260
31.500000 77.008
33.500000 80.467
35.500000 83.671
37.500000 86.671
40.000000 89.583
42.500000 91.819
45.000000 91.810
47.500000 91.290
50.000000 91.551
53.000000 91.479
56.000000 90.127
60.000000 90.176
63.000000 92.037
67.000000 92.464
71.000000 90.474
75.000000 90.056
80.000000 91.442
85.000000 92.796
90.000000 92.003
95.000000 91.232
100.000000 90.274
106.000000 90.385
112.000000 91.064
118.000000 91.640
125.000000 92.228
132.000000 93.081
140.000000 91.529
150.000000 92.823
160.000000 92.111
170.000000 92.357
180.000000 93.274
190.000000 91.255
200.000000 91.946
212.000000 92.704
224.000000 92.847
236.000000 93.546
250.000000 91.930
265.000000 91.418
280.000000 90.626
300.000000 91.379
315.000000 90.920
335.000000 91.896
355.000000 93.585
375.000000 93.564
400.000000 93.978
425.000000 93.290
450.000000 92.462
475.000000 93.234
500.000000 95.746
530.000000 95.818
560.000000 94.436
600.000000 93.220
630.000000 92.106
670.000000 92.166
710.000000 92.849
750.000000 92.342
800.000000 93.214
850.000000 93.637
900.000000 93.116
950.000000 92.839
1000.000000 93.065
1060.000000 92.494
1120.000000 92.509
1180.000000 94.262
1250.000000 94.060
1320.000000 93.604
1400.000000 93.745
1500.000000 92.489
1600.000000 92.576
1700.000000 93.071
1800.000000 92.708
1900.000000 93.325
2000.000000 92.507
2120.000000 92.789
2240.000000 92.766
2360.000000 92.861
2500.000000 92.726
2650.000000 91.831
2800.000000 91.869
3000.000000 92.504
3150.000000 92.645
3350.000000 93.314
3550.000000 93.455
3750.000000 93.394
4000.000000 92.953
4250.000000 93.398
4500.000000 92.743
4750.000000 92.503
5000.000000 92.506
5300.000000 92.840
5600.000000 92.852
6000.000000 94.059
6300.000000 93.701
6700.000000 93.207
7100.000000 93.432
7500.000000 92.502
8000.000000 92.306
8500.000000 91.835
9000.000000 92.503
9500.000000 92.143
10000.000000 92.068
10600.000000 92.012
11200.000000 92.222
11800.000000 92.558
12500.000000 92.645
13200.000000 92.669
14000.000000 93.153
15000.000000 92.904
16000.000000 92.270
17000.000000 91.389
18000.000000 91.123
19000.000000 91.495
20000.000000 91.371
