21.200001 50.946
22.400000 55.572
23.600000 59.314
25.000000 60.596
26.500000 59.452
28.000000 60.754
30.000000 65.435
31.500000 68.911
33.500000 72.782
35.500000 77.392
37.500000 82.489
40.000000 88.654
42.500000 93.026
45.000000 93.107
47.500000 90.326
50.000000 87.098
53.000000 83.651
56.000000 78.865
60.000000 80.224
63.000000 85.487
67.000000 87.115
71.000000 84.204
75.000000 84.655
80.000000 90.215
85.000000 93.421
90.000000 93.152
95.000000 91.516
100.000000 88.547
106.000000 86.741
112.000000 86.646
118.000000 86.470
125.000000 85.756
132.000000 86.004
140.000000 85.198
150.000000 88.030
160.000000 86.458
170.000000 84.734
180.000000 84.620
190.000000 82.388
200.000000 85.003
212.000000 86.797
224.000000 85.337
236.000000 83.701
250.000000 81.748
265.000000 83.757
280.000000 84.914
300.000000 85.368
315.000000 83.476
335.000000 82.934
355.000000 83.553
375.000000 83.044
400.000000 84.986
425.000000 84.169
450.000000 82.681
475.000000 83.406
500.000000 84.940
530.000000 84.779
560.000000 85.018
600.000000 84.565
630.000000 83.436
670.000000 86.359
710.000000 88.914
750.000000 88.515
800.000000 88.835
850.000000 87.908
900.000000 84.976
950.000000 83.585
1000.000000 83.494
1060.000000 82.454
1120.000000 82.955
1180.000000 85.773
1250.000000 85.643
1320.000000 85.487
1400.000000 86.178
1500.000000 85.076
1600.000000 84.748
1700.000000 84.338
1800.000000 81.889
1900.000000 81.422
2000.000000 81.792
2120.000000 83.459
2240.000000 84.503
2360.000000 85.830
2500.000000 85.659
2650.000000 83.381
2800.000000 83.981
3000.000000 85.644
3150.000000 85.409
3350.000000 85.036
3550.000000 85.322
3750.000000 85.562
4000.000000 83.936
4250.000000 84.193
4500.000000 84.226
4750.000000 84.580
5000.000000 84.423
5300.000000 84.531
5600.000000 84.858
6000.000000 86.708
6300.000000 86.235
6700.000000 85.406
7100.000000 85.752
7500.000000 85.150
8000.000000 85.355
8500.000000 84.802
9000.000000 84.986
9500.000000 84.179
10000.000000 83.601
10600.000000 83.172
11200.000000 82.935
11800.000000 82.838
12500.000000 81.898
13200.000000 81.539
14000.000000 81.781
15000.000000 80.840
16000.000000 80.723
17000.000000 80.307
18000.000000 79.709
19000.000000 79.901
20000.000000 80.026
