21.200001 38.304
22.400000 36.768
23.600000 39.537
25.000000 44.331
26.500000 46.125
28.000000 48.715
30.000000 52.328
31.500000 55.032
33.500000 57.553
35.500000 59.850
37.500000 63.072
40.000000 69.078
42.500000 73.514
45.000000 73.817
47.500000 73.973
50.000000 76.047
53.000000 75.123
56.000000 74.482
60.000000 75.502
63.000000 74.076
67.000000 73.537
71.000000 72.997
75.000000 72.370
80.000000 73.127
85.000000 74.968
90.000000 74.456
95.000000 72.409
100.000000 72.742
106.000000 73.525
112.000000 73.190
118.000000 72.518
125.000000 73.147
132.000000 73.371
140.000000 72.890
150.000000 73.359
160.000000 74.560
170.000000 75.073
180.000000 74.824
190.000000 74.770
200.000000 74.265
212.000000 75.129
224.000000 74.015
236.000000 74.100
250.000000 73.605
265.000000 74.035
280.000000 74.673
300.000000 74.172
315.000000 74.317
335.000000 74.569
355.000000 74.274
375.000000 74.632
400.000000 74.609
425.000000 74.248
450.000000 73.764
475.000000 75.617
500.000000 75.858
530.000000 75.227
560.000000 75.187
600.000000 74.620
630.000000 73.244
670.000000 74.127
710.000000 74.255
750.000000 73.973
800.000000 74.623
850.000000 74.434
900.000000 74.644
950.000000 75.056
1000.000000 73.628
1060.000000 73.314
1120.000000 74.262
1180.000000 74.758
1250.000000 74.566
1320.000000 74.690
1400.000000 74.209
1500.000000 74.529
1600.000000 74.228
1700.000000 74.025
1800.000000 74.291
1900.000000 73.552
2000.000000 73.302
2120.000000 74.872
2240.000000 75.025
2360.000000 74.442
2500.000000 74.964
2650.000000 74.381
2800.000000 73.946
3000.000000 73.897
3150.000000 74.518
3350.000000 74.243
3550.000000 74.902
3750.000000 75.065
4000.000000 75.094
4250.000000 75.078
4500.000000 75.079
4750.000000 75.367
5000.000000 75.636
5300.000000 75.467
5600.000000 75.031
6000.000000 74.579
6300.000000 74.205
6700.000000 74.016
7100.000000 74.029
7500.000000 74.596
8000.000000 74.610
8500.000000 74.451
9000.000000 74.224
9500.000000 74.083
10000.000000 73.795
10600.000000 73.500
11200.000000 73.473
11800.000000 73.826
12500.000000 74.154
13200.000000 74.413
14000.000000 74.149
15000.000000 73.559
16000.000000 72.900
17000.000000 72.605
18000.000000 72.387
19000.000000 72.007
20000.000000 71.609
