21.200001 62.126
22.400000 62.443
23.600000 65.643
25.000000 68.182
26.500000 70.132
28.000000 71.680
30.000000 74.829
31.500000 77.718
33.500000 81.556
35.500000 86.037
37.500000 90.831
40.000000 96.780
42.500000 100.927
45.000000 100.733
47.500000 97.723
50.000000 94.698
53.000000 91.266
56.000000 85.985
60.000000 85.905
63.000000 90.849
67.000000 91.927
71.000000 88.340
75.000000 87.968
80.000000 92.073
85.000000 94.528
90.000000 94.260
95.000000 91.869
100.000000 86.904
106.000000 83.361
112.000000 85.603
118.000000 89.036
125.000000 92.700
132.000000 93.001
140.000000 91.742
150.000000 91.137
160.000000 91.229
170.000000 90.991
180.000000 91.485
190.000000 90.141
200.000000 89.969
212.000000 90.178
224.000000 94.607
236.000000 98.255
250.000000 98.628
265.000000 96.676
280.000000 96.241
300.000000 94.065
315.000000 95.027
335.000000 94.451
355.000000 93.343
375.000000 95.019
400.000000 96.326
425.000000 97.554
450.000000 97.468
475.000000 96.416
500.000000 96.204
530.000000 96.779
560.000000 95.557
600.000000 97.070
630.000000 97.850
670.000000 97.299
710.000000 94.608
750.000000 95.119
800.000000 95.754
850.000000 96.835
900.000000 94.742
950.000000 94.541
1000.000000 94.727
1060.000000 93.176
1120.000000 92.902
1180.000000 94.466
1250.000000 95.702
1320.000000 96.768
1400.000000 96.384
1500.000000 93.616
1600.000000 91.840
1700.000000 93.385
1800.000000 93.780
1900.000000 93.689
2000.000000 93.957
2120.000000 93.986
2240.000000 92.584
2360.000000 91.411
2500.000000 93.619
2650.000000 95.087
2800.000000 94.105
3000.000000 93.119
3150.000000 93.893
3350.000000 93.017
3550.000000 92.693
3750.000000 93.978
4000.000000 93.979
4250.000000 94.744
4500.000000 95.463
4750.000000 96.251
5000.000000 95.447
5300.000000 95.047
5600.000000 95.145
6000.000000 95.793
6300.000000 95.619
6700.000000 95.415
7100.000000 95.528
7500.000000 95.331
8000.000000 94.668
8500.000000 95.130
9000.000000 95.316
9500.000000 94.673
10000.000000 94.243
10600.000000 94.070
11200.000000 94.205
11800.000000 93.862
12500.000000 93.273
13200.000000 92.699
14000.000000 91.498
15000.000000 91.151
16000.000000 91.342
17000.000000 91.048
18000.000000 90.800
19000.000000 90.428
20000.000000 90.159
