21.200001 41.439
22.400000 40.322
23.600000 40.664
25.000000 41.300
26.500000 41.903
28.000000 43.048
30.000000 44.176
31.500000 44.654
33.500000 48.004
35.500000 55.766
37.500000 64.085
40.000000 72.180
42.500000 75.948
45.000000 76.864
47.500000 76.579
50.000000 76.027
53.000000 74.918
56.000000 75.049
60.000000 75.909
63.000000 77.257
67.000000 77.661
71.000000 75.747
75.000000 74.749
80.000000 75.933
85.000000 77.921
90.000000 76.482
95.000000 75.668
100.000000 75.802
106.000000 75.552
112.000000 76.266
118.000000 76.473
125.000000 76.641
132.000000 77.843
140.000000 77.644
150.000000 79.235
160.000000 78.880
170.000000 76.208
180.000000 78.060
190.000000 78.686
200.000000 78.178
212.000000 80.205
224.000000 77.741
236.000000 76.019
250.000000 76.439
265.000000 76.958
280.000000 77.397
300.000000 77.721
315.000000 77.486
335.000000 77.587
355.000000 76.581
375.000000 76.253
400.000000 76.458
425.000000 76.303
450.000000 76.431
475.000000 76.165
500.000000 75.692
530.000000 75.743
560.000000 76.178
600.000000 77.403
630.000000 77.974
670.000000 78.092
710.000000 78.359
750.000000 77.257
800.000000 77.362
850.000000 76.562
900.000000 76.536
950.000000 77.311
1000.000000 77.134
1060.000000 77.519
1120.000000 77.573
1180.000000 77.420
1250.000000 77.127
1320.000000 76.431
1400.000000 76.867
1500.000000 77.121
1600.000000 76.986
1700.000000 76.203
1800.000000 76.161
1900.000000 77.448
2000.000000 77.416
2120.000000 76.510
2240.000000 76.934
2360.000000 77.829
2500.000000 76.682
2650.000000 77.660
2800.000000 77.784
3000.000000 77.636
3150.000000 77.380
3350.000000 77.149
3550.000000 76.564
3750.000000 76.578
4000.000000 76.254
4250.000000 76.068
4500.000000 76.554
4750.000000 77.086
5000.000000 77.186
5300.000000 77.488
5600.000000 77.717
6000.000000 77.517
6300.000000 76.977
6700.000000 76.365
7100.000000 76.163
7500.000000 75.903
8000.000000 75.416
8500.000000 75.634
9000.000000 75.946
9500.000000 76.113
10000.000000 75.920
10600.000000 76.022
11200.000000 75.986
11800.000000 76.140
12500.000000 76.152
13200.000000 76.024
14000.000000 75.672
15000.000000 75.439
16000.000000 75.587
17000.000000 75.816
18000.000000 75.935
19000.000000 75.684
20000.000000 75.330
