21.200001 63.296
22.400000 66.125
23.600000 67.291
25.000000 67.158
26.500000 67.323
28.000000 69.917
30.000000 72.799
31.500000 74.499
33.500000 76.849
35.500000 80.624
37.500000 85.128
40.000000 91.706
42.500000 95.936
45.000000 95.205
47.500000 92.157
50.000000 89.845
53.000000 85.329
56.000000 80.384
60.000000 82.175
63.000000 84.365
67.000000 87.668
71.000000 89.278
75.000000 90.668
80.000000 95.635
85.000000 99.298
90.000000 97.369
95.000000 92.251
100.000000 91.720
106.000000 94.915
112.000000 96.075
118.000000 96.442
125.000000 98.150
132.000000 98.126
140.000000 94.486
150.000000 89.706
160.000000 89.713
170.000000 91.553
180.000000 93.536
190.000000 96.413
200.000000 99.016
212.000000 101.243
224.000000 98.065
236.000000 93.630
250.000000 92.006
265.000000 94.420
280.000000 95.370
300.000000 92.540
315.000000 92.540
335.000000 93.459
355.000000 95.573
375.000000 98.979
400.000000 99.960
425.000000 97.501
450.000000 93.060
475.000000 93.531
500.000000 95.877
530.000000 97.295
560.000000 99.620
600.000000 98.944
630.000000 96.863
670.000000 96.828
710.000000 94.848
750.000000 92.949
800.000000 93.727
850.000000 93.006
900.000000 94.653
950.000000 96.736
1000.000000 95.923
1060.000000 95.429
1120.000000 96.407
1180.000000 96.708
1250.000000 95.365
1320.000000 93.815
1400.000000 93.937
1500.000000 95.213
1600.000000 95.030
1700.000000 95.246
1800.000000 95.472
1900.000000 93.547
2000.000000 92.883
2120.000000 95.617
2240.000000 95.725
2360.000000 94.188
2500.000000 94.385
2650.000000 95.576
2800.000000 96.071
3000.000000 95.628
3150.000000 95.763
3350.000000 95.176
3550.000000 95.412
3750.000000 95.035
4000.000000 94.773
4250.000000 95.449
4500.000000 96.264
4750.000000 96.944
5000.000000 97.033
5300.000000 96.544
5600.000000 96.391
6000.000000 96.724
6300.000000 96.672
6700.000000 96.633
7100.000000 96.775
7500.000000 96.993
8000.000000 96.307
8500.000000 95.926
9000.000000 95.644
9500.000000 95.643
10000.000000 95.690
10600.000000 95.790
11200.000000 95.726
11800.000000 95.550
12500.000000 94.916
13200.000000 94.022
14000.000000 92.529
15000.000000 92.169
16000.000000 92.669
17000.000000 93.007
18000.000000 93.061
19000.000000 92.813
20000.000000 92.491
