21.200001 58.283
22.400000 61.034
23.600000 63.896
25.000000 66.314
26.500000 68.568
28.000000 70.183
30.000000 74.162
31.500000 77.082
33.500000 80.458
35.500000 83.989
37.500000 87.302
40.000000 90.522
42.500000 93.061
45.000000 93.280
47.500000 92.479
50.000000 93.092
53.000000 93.639
56.000000 92.548
60.000000 92.098
63.000000 93.625
67.000000 93.652
71.000000 91.371
75.000000 91.553
80.000000 92.930
85.000000 93.864
90.000000 93.510
95.000000 92.932
100.000000 91.301
106.000000 91.205
112.000000 92.065
118.000000 92.242
125.000000 93.256
132.000000 92.671
140.000000 91.768
150.000000 91.698
160.000000 91.946
170.000000 91.762
180.000000 93.104
190.000000 93.368
200.000000 94.486
212.000000 93.108
224.000000 93.261
236.000000 93.649
250.000000 93.174
265.000000 92.099
280.000000 92.914
300.000000 92.504
315.000000 93.913
335.000000 93.340
355.000000 92.499
375.000000 93.616
400.000000 93.321
425.000000 93.354
450.000000 93.513
475.000000 94.019
500.000000 94.152
530.000000 94.940
560.000000 94.128
600.000000 93.852
630.000000 94.151
670.000000 95.244
710.000000 93.442
750.000000 93.806
800.000000 93.738
850.000000 95.150
900.000000 94.242
950.000000 94.768
1000.000000 95.107
1060.000000 94.922
1120.000000 95.649
1180.000000 96.828
1250.000000 95.719
1320.000000 95.466
1400.000000 95.091
1500.000000 94.318
1600.000000 93.928
1700.000000 93.723
1800.000000 93.460
1900.000000 93.984
2000.000000 94.462
2120.000000 94.229
2240.000000 93.771
2360.000000 93.386
2500.000000 94.004
2650.000000 94.432
2800.000000 93.902
3000.000000 93.335
3150.000000 93.935
3350.000000 93.532
3550.000000 93.518
3750.000000 94.351
4000.000000 93.862
4250.000000 94.112
4500.000000 94.243
4750.000000 94.669
5000.000000 94.181
5300.000000 94.057
5600.000000 93.774
6000.000000 93.905
6300.000000 94.367
6700.000000 94.537
7100.000000 94.075
7500.000000 93.973
8000.000000 94.094
8500.000000 94.939
9000.000000 95.152
9500.000000 94.604
10000.000000 94.208
10600.000000 93.712
11200.000000 93.471
11800.000000 93.539
12500.000000 94.017
13200.000000 94.367
14000.000000 94.060
15000.000000 93.985
16000.000000 93.238
17000.000000 92.313
18000.000000 91.965
19000.000000 92.012
20000.000000 92.238
