21.200001 36.725
22.400000 35.562
23.600000 37.357
25.000000 38.228
26.500000 43.350
28.000000 47.369
30.000000 49.773
31.500000 51.648
33.500000 53.319
35.500000 55.981
37.500000 61.238
40.000000 69.787
42.500000 74.114
45.000000 74.744
47.500000 75.162
50.000000 75.877
53.000000 73.447
56.000000 73.522
60.000000 73.806
63.000000 74.356
67.000000 75.231
71.000000 74.116
75.000000 73.297
80.000000 74.143
85.000000 76.131
90.000000 75.334
95.000000 73.434
100.000000 73.698
106.000000 73.938
112.000000 73.294
118.000000 74.197
125.000000 75.789
132.000000 74.406
140.000000 75.010
150.000000 74.988
160.000000 75.407
170.000000 74.714
180.000000 74.802
190.000000 74.951
200.000000 74.414
212.000000 73.877
224.000000 73.153
236.000000 74.527
250.000000 73.426
265.000000 73.093
280.000000 75.346
300.000000 75.965
315.000000 76.098
335.000000 75.805
355.000000 75.306
375.000000 75.158
400.000000 74.438
425.000000 74.432
450.000000 74.550
475.000000 75.043
500.000000 74.737
530.000000 74.817
560.000000 75.062
600.000000 73.454
630.000000 72.899
670.000000 73.813
710.000000 76.047
750.000000 75.226
800.000000 73.889
850.000000 74.210
900.000000 74.956
950.000000 75.036
1000.000000 75.016
1060.000000 75.417
1120.000000 75.700
1180.000000 74.686
1250.000000 74.373
1320.000000 74.392
1400.000000 74.558
1500.000000 74.914
1600.000000 74.754
1700.000000 74.683
1800.000000 74.723
1900.000000 74.894
2000.000000 74.785
2120.000000 73.850
2240.000000 73.890
2360.000000 74.757
2500.000000 74.527
2650.000000 74.654
2800.000000 75.142
3000.000000 74.645
3150.000000 75.037
3350.000000 74.778
3550.000000 74.867
3750.000000 74.389
4000.000000 74.546
4250.000000 74.571
4500.000000 75.439
4750.000000 75.845
5000.000000 75.435
5300.000000 75.076
5600.000000 74.932
6000.000000 74.646
6300.000000 74.563
6700.000000 74.260
7100.000000 74.316
7500.000000 74.151
8000.000000 74.061
8500.000000 74.375
9000.000000 74.500
9500.000000 74.498
10000.000000 74.248
10600.000000 74.237
11200.000000 74.138
11800.000000 74.280
12500.000000 74.406
13200.000000 74.385
14000.000000 74.116
15000.000000 73.774
16000.000000 73.625
17000.000000 73.721
18000.000000 73.753
19000.000000 73.466
20000.000000 73.120
