21.200001 48.011
22.400000 48.486
23.600000 50.469
25.000000 52.695
26.500000 54.224
28.000000 54.713
30.000000 58.485
31.500000 60.714
33.500000 60.772
35.500000 62.679
37.500000 68.931
40.000000 77.702
42.500000 81.906
45.000000 81.824
47.500000 79.592
50.000000 77.274
53.000000 72.055
56.000000 70.480
60.000000 74.555
63.000000 78.892
67.000000 81.969
71.000000 81.573
75.000000 81.694
80.000000 86.335
85.000000 89.853
90.000000 87.244
95.000000 81.190
100.000000 78.805
106.000000 79.983
112.000000 79.340
118.000000 79.605
125.000000 80.058
132.000000 75.858
140.000000 71.540
150.000000 77.464
160.000000 81.844
170.000000 85.089
180.000000 87.335
190.000000 88.429
200.000000 86.742
212.000000 83.257
224.000000 80.738
236.000000 83.094
250.000000 82.118
265.000000 81.622
280.000000 85.481
300.000000 85.349
315.000000 82.232
335.000000 81.650
355.000000 86.152
375.000000 88.718
400.000000 86.891
425.000000 83.958
450.000000 85.968
475.000000 88.742
500.000000 88.936
530.000000 89.609
560.000000 89.438
600.000000 85.991
630.000000 82.902
670.000000 82.799
710.000000 85.497
750.000000 85.538
800.000000 85.363
850.000000 85.941
900.000000 87.286
950.000000 87.312
1000.000000 85.835
1060.000000 84.568
1120.000000 83.713
1180.000000 83.379
1250.000000 84.133
1320.000000 84.334
1400.000000 84.998
1500.000000 84.696
1600.000000 82.605
1700.000000 82.252
1800.000000 83.703
1900.000000 85.373
2000.000000 85.354
2120.000000 83.319
2240.000000 83.148
2360.000000 84.472
2500.000000 84.007
2650.000000 84.331
2800.000000 84.839
3000.000000 83.447
3150.000000 83.913
3350.000000 84.106
3550.000000 84.474
3750.000000 84.125
4000.000000 84.207
4250.000000 84.142
4500.000000 84.964
4750.000000 85.575
5000.000000 85.784
5300.000000 85.843
5600.000000 85.912
6000.000000 85.928
6300.000000 85.807
6700.000000 85.763
7100.000000 86.299
7500.000000 86.174
8000.000000 85.556
8500.000000 85.380
9000.000000 85.355
9500.000000 85.415
10000.000000 85.390
10600.000000 85.678
11200.000000 85.587
11800.000000 85.287
12500.000000 84.624
13200.000000 83.675
14000.000000 82.300
15000.000000 81.910
16000.000000 82.415
17000.000000 82.819
18000.000000 82.964
19000.000000 82.704
20000.000000 82.342
