21.200001 60.793
22.400000 64.526
23.600000 67.547
25.000000 68.009
26.500000 70.292
28.000000 72.900
30.000000 76.893
31.500000 79.479
33.500000 82.459
35.500000 85.623
37.500000 89.329
40.000000 93.654
42.500000 96.092
45.000000 95.578
47.500000 93.450
50.000000 92.167
53.000000 91.556
56.000000 93.543
60.000000 99.261
63.000000 102.185
67.000000 101.494
71.000000 97.677
75.000000 96.063
80.000000 97.513
85.000000 98.231
90.000000 98.124
95.000000 97.012
100.000000 96.416
106.000000 99.478
112.000000 99.334
118.000000 97.725
125.000000 96.589
132.000000 96.220
140.000000 99.456
150.000000 100.111
160.000000 98.687
170.000000 98.014
180.000000 97.224
190.000000 96.202
200.000000 96.836
212.000000 95.227
224.000000 96.239
236.000000 95.442
250.000000 94.579
265.000000 95.980
280.000000 96.219
300.000000 95.171
315.000000 94.531
335.000000 96.793
355.000000 98.390
375.000000 97.820
400.000000 98.490
425.000000 100.310
450.000000 98.780
475.000000 98.194
500.000000 97.092
530.000000 97.969
560.000000 98.706
600.000000 97.484
630.000000 94.552
670.000000 94.714
710.000000 94.641
750.000000 94.610
800.000000 94.597
850.000000 94.286
900.000000 96.599
950.000000 97.509
1000.000000 96.978
1060.000000 96.915
1120.000000 96.744
1180.000000 96.536
1250.000000 97.159
1320.000000 97.868
1400.000000 98.244
1500.000000 98.787
1600.000000 98.260
1700.000000 96.349
1800.000000 95.566
1900.000000 96.907
2000.000000 98.618
2120.000000 98.317
2240.000000 97.653
2360.000000 97.832
2500.000000 98.315
2650.000000 97.551
2800.000000 98.279
3000.000000 98.571
3150.000000 97.190
3350.000000 97.486
3550.000000 96.932
3750.000000 97.444
4000.000000 97.096
4250.000000 97.619
4500.000000 98.355
4750.000000 98.630
5000.000000 99.046
5300.000000 98.724
5600.000000 98.552
6000.000000 98.451
6300.000000 97.864
6700.000000 97.539
7100.000000 98.231
7500.000000 98.664
8000.000000 98.635
8500.000000 98.921
9000.000000 99.001
9500.000000 98.731
10000.000000 98.271
10600.000000 98.157
11200.000000 98.071
11800.000000 98.184
12500.000000 98.265
13200.000000 98.312
14000.000000 98.315
15000.000000 97.638
16000.000000 96.741
17000.000000 96.272
18000.000000 95.944
19000.000000 95.212
20000.000000 94.507
