21.200001 64.414
22.400000 62.463
23.600000 61.055
25.000000 65.328
26.500000 68.285
28.000000 70.700
30.000000 74.207
31.500000 76.434
33.500000 79.795
35.500000 83.750
37.500000 87.987
40.000000 93.091
42.500000 96.320
45.000000 96.839
47.500000 96.232
50.000000 97.450
53.000000 98.533
56.000000 97.210
60.000000 93.119
63.000000 90.462
67.000000 91.990
71.000000 94.993
75.000000 95.463
80.000000 95.268
85.000000 95.313
90.000000 97.151
95.000000 97.936
100.000000 96.697
106.000000 95.042
112.000000 92.390
118.000000 93.921
125.000000 96.483
132.000000 97.489
140.000000 96.598
150.000000 94.322
160.000000 95.870
170.000000 98.961
180.000000 99.167
190.000000 97.142
200.000000 97.095
212.000000 96.487
224.000000 95.802
236.000000 98.181
250.000000 97.720
265.000000 94.139
280.000000 95.481
300.000000 98.315
315.000000 97.487
335.000000 94.475
355.000000 94.832
375.000000 96.689
400.000000 98.417
425.000000 97.989
450.000000 98.181
475.000000 95.984
500.000000 95.716
530.000000 93.444
560.000000 94.957
600.000000 100.062
630.000000 100.307
670.000000 99.554
710.000000 97.680
750.000000 97.035
800.000000 95.948
850.000000 94.367
900.000000 93.889
950.000000 94.698
1000.000000 94.782
1060.000000 95.314
1120.000000 97.376
1180.000000 99.500
1250.000000 98.982
1320.000000 98.252
1400.000000 96.495
1500.000000 94.056
1600.000000 94.058
1700.000000 94.961
1800.000000 95.882
1900.000000 96.283
2000.000000 96.086
2120.000000 95.462
2240.000000 95.013
2360.000000 95.535
2500.000000 96.768
2650.000000 96.523
2800.000000 95.504
3000.000000 96.893
3150.000000 97.958
3350.000000 96.687
3550.000000 96.907
3750.000000 96.044
4000.000000 96.355
4250.000000 96.919
4500.000000 97.541
4750.000000 97.630
5000.000000 97.292
5300.000000 96.810
5600.000000 97.244
6000.000000 97.102
6300.000000 96.636
6700.000000 96.763
7100.000000 97.377
7500.000000 97.311
8000.000000 97.057
8500.000000 97.379
9000.000000 97.681
9500.000000 97.496
10000.000000 97.131
10600.000000 96.731
11200.000000 96.740
11800.000000 96.829
12500.000000 96.578
13200.000000 96.585
14000.000000 96.469
15000.000000 95.778
16000.000000 94.931
17000.000000 94.345
18000.000000 94.001
19000.000000 93.257
20000.000000 92.688
