21.200001 64.178
22.400000 63.873
23.600000 66.492
25.000000 68.911
26.500000 69.404
28.000000 69.551
30.000000 73.418
31.500000 76.127
33.500000 80.044
35.500000 84.314
37.500000 88.806
40.000000 93.931
42.500000 96.837
45.000000 97.161
47.500000 96.528
50.000000 97.841
53.000000 98.778
56.000000 97.741
60.000000 94.809
63.000000 92.410
67.000000 91.821
71.000000 93.128
75.000000 93.165
80.000000 93.654
85.000000 94.507
90.000000 96.952
95.000000 97.783
100.000000 96.485
106.000000 95.028
112.000000 92.339
118.000000 94.007
125.000000 96.929
132.000000 98.026
140.000000 96.943
150.000000 94.417
160.000000 96.317
170.000000 99.664
180.000000 100.123
190.000000 96.393
200.000000 94.784
212.000000 95.025
224.000000 95.743
236.000000 97.112
250.000000 97.160
265.000000 95.643
280.000000 95.711
300.000000 95.571
315.000000 94.449
335.000000 92.185
355.000000 93.192
375.000000 95.403
400.000000 96.623
425.000000 96.962
450.000000 98.225
475.000000 97.351
500.000000 96.763
530.000000 94.080
560.000000 95.292
600.000000 100.029
630.000000 100.183
670.000000 98.253
710.000000 97.208
750.000000 97.483
800.000000 95.817
850.000000 94.959
900.000000 94.106
950.000000 93.903
1000.000000 95.225
1060.000000 96.733
1120.000000 96.131
1180.000000 97.696
1250.000000 98.670
1320.000000 97.892
1400.000000 95.410
1500.000000 93.815
1600.000000 94.397
1700.000000 95.584
1800.000000 95.943
1900.000000 96.339
2000.000000 96.119
2120.000000 95.941
2240.000000 95.912
2360.000000 96.024
2500.000000 96.436
2650.000000 95.729
2800.000000 95.568
3000.000000 97.162
3150.000000 96.793
3350.000000 95.904
3550.000000 96.468
3750.000000 95.040
4000.000000 96.393
4250.000000 95.982
4500.000000 96.352
4750.000000 96.465
5000.000000 96.916
5300.000000 96.308
5600.000000 96.355
6000.000000 96.659
6300.000000 96.375
6700.000000 95.955
7100.000000 96.278
7500.000000 96.418
8000.000000 96.091
8500.000000 95.614
9000.000000 95.841
9500.000000 95.674
10000.000000 95.776
10600.000000 95.629
11200.000000 95.161
11800.000000 95.060
12500.000000 95.016
13200.000000 94.739
14000.000000 94.345
15000.000000 94.631
16000.000000 95.082
17000.000000 95.171
18000.000000 94.625
19000.000000 93.914
20000.000000 93.361
