21.200001 64.795
22.400000 64.731
23.600000 64.033
25.000000 64.599
26.500000 64.760
28.000000 67.320
30.000000 71.803
31.500000 75.957
33.500000 80.000
35.500000 84.589
37.500000 90.463
40.000000 97.738
42.500000 102.294
45.000000 102.224
47.500000 98.804
50.000000 95.845
53.000000 94.309
56.000000 91.402
60.000000 85.981
63.000000 83.095
67.000000 85.430
71.000000 89.702
75.000000 93.010
80.000000 97.275
85.000000 99.673
90.000000 101.334
95.000000 100.477
100.000000 96.788
106.000000 92.660
112.000000 89.294
118.000000 91.764
125.000000 94.968
132.000000 96.099
140.000000 96.148
150.000000 97.668
160.000000 98.729
170.000000 99.377
180.000000 99.104
190.000000 96.400
200.000000 95.832
212.000000 94.757
224.000000 93.679
236.000000 97.018
250.000000 97.579
265.000000 94.508
280.000000 94.928
300.000000 97.733
315.000000 97.473
335.000000 95.198
355.000000 97.284
375.000000 98.806
400.000000 99.280
425.000000 98.794
450.000000 99.037
475.000000 98.091
500.000000 99.015
530.000000 96.576
560.000000 97.244
600.000000 102.096
630.000000 102.572
670.000000 102.607
710.000000 100.967
750.000000 100.675
800.000000 99.882
850.000000 98.455
900.000000 96.940
950.000000 96.212
1000.000000 96.408
1060.000000 96.647
1120.000000 97.762
1180.000000 98.963
1250.000000 97.681
1320.000000 97.029
1400.000000 95.379
1500.000000 94.035
1600.000000 94.685
1700.000000 95.133
1800.000000 96.049
1900.000000 96.197
2000.000000 95.951
2120.000000 94.956
2240.000000 94.167
2360.000000 94.864
2500.000000 96.511
2650.000000 96.532
2800.000000 95.811
3000.000000 97.207
3150.000000 97.993
3350.000000 96.768
3550.000000 97.177
3750.000000 96.227
4000.000000 96.260
4250.000000 96.827
4500.000000 97.497
4750.000000 97.421
5000.000000 97.248
5300.000000 97.148
5600.000000 97.717
6000.000000 98.149
6300.000000 98.245
6700.000000 97.978
7100.000000 97.946
7500.000000 97.626
8000.000000 97.124
8500.000000 97.490
9000.000000 97.632
9500.000000 97.263
10000.000000 96.958
10600.000000 96.768
11200.000000 96.416
11800.000000 96.043
12500.000000 95.767
13200.000000 95.129
14000.000000 94.056
15000.000000 93.521
16000.000000 93.665
17000.000000 93.558
18000.000000 93.368
19000.000000 92.725
20000.000000 91.971
