21.200001 59.797
22.400000 62.643
23.600000 63.186
25.000000 61.988
26.500000 62.998
28.000000 65.079
30.000000 69.263
31.500000 71.645
33.500000 74.357
35.500000 78.486
37.500000 82.991
40.000000 87.852
42.500000 90.709
45.000000 90.781
47.500000 89.616
50.000000 90.044
53.000000 90.385
56.000000 88.980
60.000000 87.266
63.000000 88.899
67.000000 89.344
71.000000 88.909
75.000000 89.309
80.000000 90.484
85.000000 91.165
90.000000 92.343
95.000000 91.892
100.000000 89.247
106.000000 88.931
112.000000 89.868
118.000000 91.444
125.000000 92.371
132.000000 90.237
140.000000 88.707
150.000000 93.099
160.000000 94.202
170.000000 93.935
180.000000 93.399
190.000000 92.522
200.000000 94.718
212.000000 95.151
224.000000 93.004
236.000000 92.705
250.000000 92.446
265.000000 94.605
280.000000 96.384
300.000000 93.430
315.000000 92.304
335.000000 92.754
355.000000 92.717
375.000000 90.780
400.000000 90.460
425.000000 91.385
450.000000 91.943
475.000000 91.759
500.000000 93.689
530.000000 93.571
560.000000 92.044
600.000000 90.389
630.000000 90.723
670.000000 91.840
710.000000 91.562
750.000000 91.788
800.000000 92.766
850.000000 93.027
900.000000 93.375
950.000000 93.272
1000.000000 92.268
1060.000000 92.652
1120.000000 92.447
1180.000000 92.635
1250.000000 90.209
1320.000000 87.814
1400.000000 88.496
1500.000000 90.494
1600.000000 92.017
1700.000000 91.395
1800.000000 90.569
1900.000000 89.117
2000.000000 89.131
2120.000000 91.554
2240.000000 92.994
2360.000000 92.213
2500.000000 90.364
2650.000000 91.587
2800.000000 92.744
3000.000000 91.276
3150.000000 91.157
3350.000000 91.048
3550.000000 91.094
3750.000000 91.027
4000.000000 90.958
4250.000000 91.142
4500.000000 91.217
4750.000000 90.964
5000.000000 90.969
5300.000000 91.338
5600.000000 91.810
6000.000000 91.286
6300.000000 90.941
6700.000000 91.443
7100.000000 92.346
7500.000000 92.378
8000.000000 91.710
8500.000000 91.897
9000.000000 91.893
9500.000000 91.937
10000.000000 92.426
10600.000000 92.785
11200.000000 93.067
11800.000000 92.723
12500.000000 92.531
13200.000000 92.110
14000.000000 91.898
15000.000000 91.396
16000.000000 91.241
17000.000000 91.578
18000.000000 91.596
19000.000000 91.190
20000.000000 90.953
