21.200001 66.123
22.400000 69.380
23.600000 70.980
25.000000 71.095
26.500000 72.108
28.000000 73.996
30.000000 76.771
31.500000 79.217
33.500000 82.710
35.500000 87.090
37.500000 92.325
40.000000 98.699
42.500000 102.463
45.000000 101.834
47.500000 97.805
50.000000 93.625
53.000000 90.125
56.000000 87.888
60.000000 91.464
63.000000 94.165
67.000000 93.463
71.000000 90.708
75.000000 93.810
80.000000 99.776
85.000000 102.541
90.000000 102.926
95.000000 100.404
100.000000 95.822
106.000000 95.759
112.000000 95.465
118.000000 95.393
125.000000 96.102
132.000000 94.906
140.000000 98.309
150.000000 103.087
160.000000 102.298
170.000000 99.381
180.000000 98.065
190.000000 96.738
200.000000 96.897
212.000000 92.873
224.000000 91.216
236.000000 93.152
250.000000 97.437
265.000000 98.007
280.000000 96.388
300.000000 94.696
315.000000 95.321
335.000000 100.208
355.000000 102.206
375.000000 99.821
400.000000 97.394
425.000000 98.733
450.000000 98.154
475.000000 99.097
500.000000 100.371
530.000000 100.930
560.000000 100.324
600.000000 99.764
630.000000 96.615
670.000000 96.370
710.000000 97.907
750.000000 98.711
800.000000 101.168
850.000000 99.527
900.000000 99.019
950.000000 100.771
1000.000000 99.290
1060.000000 97.377
1120.000000 96.406
1180.000000 94.805
1250.000000 95.151
1320.000000 96.693
1400.000000 97.390
1500.000000 98.488
1600.000000 98.069
1700.000000 97.561
1800.000000 96.867
1900.000000 97.193
2000.000000 98.165
2120.000000 97.523
2240.000000 95.538
2360.000000 96.662
2500.000000 98.667
2650.000000 97.942
2800.000000 98.254
3000.000000 97.332
3150.000000 96.327
3350.000000 96.698
3550.000000 96.549
3750.000000 96.954
4000.000000 97.140
4250.000000 97.280
4500.000000 97.202
4750.000000 97.686
5000.000000 98.354
5300.000000 98.495
5600.000000 98.417
6000.000000 98.005
6300.000000 98.171
6700.000000 98.099
7100.000000 98.040
7500.000000 97.678
8000.000000 97.570
8500.000000 97.562
9000.000000 97.388
9500.000000 97.041
10000.000000 96.731
10600.000000 96.581
11200.000000 96.277
11800.000000 96.210
12500.000000 95.710
13200.000000 94.879
14000.000000 93.752
15000.000000 94.076
16000.000000 95.640
17000.000000 96.481
18000.000000 96.459
19000.000000 95.878
20000.000000 95.393
