21.200001 65.734
22.400000 69.304
23.600000 70.628
25.000000 71.197
26.500000 73.020
28.000000 74.939
30.000000 77.419
31.500000 79.687
33.500000 82.812
35.500000 86.662
37.500000 91.751
40.000000 98.178
42.500000 102.032
45.000000 101.448
47.500000 97.306
50.000000 92.277
53.000000 88.079
56.000000 87.121
60.000000 92.184
63.000000 95.397
67.000000 95.014
71.000000 92.243
75.000000 94.772
80.000000 100.609
85.000000 103.122
90.000000 102.950
95.000000 100.214
100.000000 95.960
106.000000 95.605
112.000000 95.023
118.000000 94.230
125.000000 94.377
132.000000 95.710
140.000000 100.388
150.000000 103.202
160.000000 101.634
170.000000 99.875
180.000000 98.709
190.000000 96.008
200.000000 95.076
212.000000 92.251
224.000000 92.552
236.000000 92.222
250.000000 95.024
265.000000 97.574
280.000000 98.370
300.000000 96.682
315.000000 95.396
335.000000 97.254
355.000000 99.370
375.000000 98.579
400.000000 99.984
425.000000 101.901
450.000000 99.862
475.000000 100.014
500.000000 101.141
530.000000 102.535
560.000000 102.116
600.000000 100.439
630.000000 97.772
670.000000 97.960
710.000000 97.955
750.000000 98.295
800.000000 100.153
850.000000 98.328
900.000000 99.452
950.000000 100.423
1000.000000 99.156
1060.000000 97.778
1120.000000 96.498
1180.000000 96.045
1250.000000 95.942
1320.000000 96.835
1400.000000 98.045
1500.000000 98.666
1600.000000 97.963
1700.000000 95.942
1800.000000 95.591
1900.000000 96.951
2000.000000 98.416
2120.000000 97.719
2240.000000 96.737
2360.000000 97.403
2500.000000 97.921
2650.000000 97.204
2800.000000 98.288
3000.000000 98.647
3150.000000 97.369
3350.000000 97.507
3550.000000 96.652
3750.000000 97.476
4000.000000 97.568
4250.000000 97.731
4500.000000 98.331
4750.000000 98.475
5000.000000 98.782
5300.000000 98.738
5600.000000 98.918
6000.000000 99.324
6300.000000 99.118
6700.000000 98.725
7100.000000 98.997
7500.000000 99.054
8000.000000 98.896
8500.000000 99.092
9000.000000 99.024
9500.000000 98.754
10000.000000 98.340
10600.000000 98.197
11200.000000 98.032
11800.000000 97.938
12500.000000 97.709
13200.000000 97.045
14000.000000 95.962
15000.000000 95.346
16000.000000 95.517
17000.000000 95.673
18000.000000 95.619
19000.000000 94.942
