21.200001 58.764
22.400000 63.519
23.600000 65.285
25.000000 64.293
26.500000 65.930
28.000000 69.347
30.000000 73.480
31.500000 76.243
33.500000 80.360
35.500000 85.480
37.500000 91.669
40.000000 98.685
42.500000 102.749
45.000000 102.501
47.500000 99.048
50.000000 96.149
53.000000 94.604
56.000000 92.164
60.000000 88.058
63.000000 85.619
67.000000 85.365
71.000000 88.070
75.000000 91.598
80.000000 96.886
85.000000 99.609
90.000000 101.032
95.000000 100.018
100.000000 96.264
106.000000 92.366
112.000000 89.259
118.000000 91.580
125.000000 94.885
132.000000 96.591
140.000000 96.944
150.000000 97.173
160.000000 98.497
170.000000 100.334
180.000000 99.990
190.000000 95.810
200.000000 93.880
212.000000 93.553
224.000000 92.144
236.000000 94.159
250.000000 96.168
265.000000 95.873
280.000000 96.135
300.000000 95.662
315.000000 94.050
335.000000 92.780
355.000000 94.834
375.000000 95.670
400.000000 96.259
425.000000 97.322
450.000000 98.376
475.000000 98.335
500.000000 98.819
530.000000 96.434
560.000000 97.671
600.000000 102.012
630.000000 102.183
670.000000 100.296
710.000000 99.712
750.000000 100.560
800.000000 99.955
850.000000 98.655
900.000000 97.728
950.000000 97.356
1000.000000 97.887
1060.000000 98.570
1120.000000 96.804
1180.000000 97.068
1250.000000 97.143
1320.000000 96.293
1400.000000 94.619
1500.000000 94.708
1600.000000 94.991
1700.000000 96.389
1800.000000 95.845
1900.000000 96.079
2000.000000 95.877
2120.000000 95.633
2240.000000 94.702
2360.000000 95.007
2500.000000 96.149
2650.000000 95.816
2800.000000 95.153
3000.000000 96.993
3150.000000 96.849
3350.000000 95.755
3550.000000 96.610
3750.000000 95.457
4000.000000 96.446
4250.000000 96.087
4500.000000 96.256
4750.000000 96.441
5000.000000 96.992
5300.000000 96.625
5600.000000 96.748
6000.000000 97.417
6300.000000 97.570
6700.000000 97.164
7100.000000 96.661
7500.000000 96.213
8000.000000 95.976
8500.000000 95.951
9000.000000 96.246
9500.000000 95.950
10000.000000 95.495
10600.000000 95.627
11200.000000 95.308
11800.000000 94.741
12500.000000 93.914
13200.000000 93.153
14000.000000 92.003
15000.000000 92.319
16000.000000 93.852
17000.000000 94.404
18000.000000 94.324
19000.000000 93.603
