21.200001 65.096
22.400000 67.128
23.600000 65.926
25.000000 65.011
26.500000 65.769
28.000000 66.232
30.000000 68.501
31.500000 71.744
33.500000 75.741
35.500000 80.410
37.500000 85.819
40.000000 92.391
42.500000 96.495
45.000000 96.244
47.500000 92.662
50.000000 89.024
53.000000 86.646
56.000000 83.638
60.000000 80.624
63.000000 82.045
67.000000 82.721
71.000000 83.800
75.000000 87.978
80.000000 93.616
85.000000 96.302
90.000000 97.018
95.000000 95.035
100.000000 90.253
106.000000 86.272
112.000000 85.868
118.000000 88.358
125.000000 90.113
132.000000 88.606
140.000000 89.605
150.000000 95.754
160.000000 96.051
170.000000 93.010
180.000000 91.897
190.000000 92.700
200.000000 94.172
212.000000 92.972
224.000000 89.826
236.000000 89.096
250.000000 90.562
265.000000 95.227
280.000000 96.641
300.000000 92.818
315.000000 91.177
335.000000 93.662
355.000000 94.897
375.000000 93.319
400.000000 91.177
425.000000 91.680
450.000000 92.712
475.000000 94.407
500.000000 97.303
530.000000 96.764
560.000000 94.390
600.000000 92.697
630.000000 92.765
670.000000 93.954
710.000000 94.033
750.000000 95.615
800.000000 97.897
850.000000 97.180
900.000000 96.042
950.000000 95.649
1000.000000 94.063
1060.000000 93.146
1120.000000 92.295
1180.000000 91.942
1250.000000 89.750
1320.000000 88.030
1400.000000 88.729
1500.000000 90.305
1600.000000 91.831
1700.000000 91.435
1800.000000 90.333
1900.000000 88.865
2000.000000 88.513
2120.000000 90.419
2240.000000 91.734
2360.000000 90.845
2500.000000 89.024
2650.000000 91.149
2800.000000 92.655
3000.000000 91.240
3150.000000 91.037
3350.000000 91.183
3550.000000 91.065
3750.000000 90.807
4000.000000 90.875
4250.000000 91.345
4500.000000 91.488
4750.000000 91.263
5000.000000 90.990
5300.000000 91.596
5600.000000 92.368
6000.000000 92.130
6300.000000 91.867
6700.000000 92.307
7100.000000 93.032
7500.000000 92.797
8000.000000 91.798
8500.000000 91.924
9000.000000 91.944
9500.000000 91.753
10000.000000 92.148
10600.000000 92.442
11200.000000 92.656
11800.000000 92.246
12500.000000 91.625
13200.000000 90.589
14000.000000 89.451
15000.000000 89.203
16000.000000 90.030
17000.000000 90.944
18000.000000 91.207
19000.000000 90.966
