21.200001 65.009
22.400000 69.754
23.600000 72.110
25.000000 71.324
26.500000 71.041
28.000000 73.290
30.000000 76.922
31.500000 79.993
33.500000 83.036
35.500000 86.343
37.500000 89.993
40.000000 94.346
42.500000 96.648
45.000000 96.347
47.500000 94.696
50.000000 94.461
53.000000 94.051
56.000000 94.490
60.000000 98.736
63.000000 101.249
67.000000 100.411
71.000000 96.448
75.000000 95.310
80.000000 97.007
85.000000 97.805
90.000000 98.065
95.000000 96.927
100.000000 95.956
106.000000 99.162
112.000000 99.337
118.000000 98.189
125.000000 97.668
132.000000 95.775
140.000000 97.276
150.000000 99.588
160.000000 98.968
170.000000 98.121
180.000000 97.608
190.000000 97.071
200.000000 97.697
212.000000 94.940
224.000000 94.869
236.000000 94.007
250.000000 96.481
265.000000 97.372
280.000000 96.395
300.000000 94.356
315.000000 95.565
335.000000 99.700
355.000000 100.577
375.000000 98.282
400.000000 96.278
425.000000 97.886
450.000000 97.533
475.000000 97.527
500.000000 97.489
530.000000 97.780
560.000000 98.194
600.000000 98.638
630.000000 95.618
670.000000 93.834
710.000000 94.777
750.000000 94.348
800.000000 96.406
850.000000 95.728
900.000000 96.173
950.000000 98.191
1000.000000 97.321
1060.000000 96.469
1120.000000 95.885
1180.000000 94.877
1250.000000 95.963
1320.000000 97.142
1400.000000 97.693
1500.000000 98.531
1600.000000 97.827
1700.000000 97.345
1800.000000 96.821
1900.000000 97.418
2000.000000 98.491
2120.000000 98.078
2240.000000 96.413
2360.000000 97.466
2500.000000 99.094
2650.000000 98.105
2800.000000 98.349
3000.000000 97.368
3150.000000 96.343
3350.000000 96.633
3550.000000 96.431
3750.000000 96.954
4000.000000 97.059
4250.000000 97.154
4500.000000 97.184
4750.000000 97.731
5000.000000 98.142
5300.000000 98.208
5600.000000 98.071
6000.000000 97.242
6300.000000 97.036
6700.000000 97.168
7100.000000 97.466
7500.000000 97.365
8000.000000 97.448
8500.000000 97.602
9000.000000 97.462
9500.000000 97.066
10000.000000 96.853
10600.000000 96.746
11200.000000 96.580
11800.000000 96.634
12500.000000 96.540
13200.000000 96.331
14000.000000 96.150
15000.000000 96.311
16000.000000 96.896
17000.000000 97.210
18000.000000 96.948
19000.000000 96.220
20000.000000 95.618
