21.200001 61.297
22.400000 63.380
23.600000 62.106
25.000000 60.454
26.500000 62.899
28.000000 65.633
30.000000 69.287
31.500000 72.562
33.500000 75.647
35.500000 79.755
37.500000 85.609
40.000000 92.579
42.500000 96.581
45.000000 96.089
47.500000 92.288
50.000000 88.719
53.000000 86.291
56.000000 83.178
60.000000 80.441
63.000000 82.032
67.000000 82.633
71.000000 83.715
75.000000 87.567
80.000000 93.093
85.000000 95.828
90.000000 96.812
95.000000 94.974
100.000000 90.052
106.000000 86.233
112.000000 86.513
118.000000 89.027
125.000000 90.661
132.000000 89.165
140.000000 90.553
150.000000 96.811
160.000000 97.293
170.000000 94.612
180.000000 93.141
190.000000 91.980
200.000000 93.493
212.000000 92.415
224.000000 88.897
236.000000 89.270
250.000000 91.485
265.000000 95.482
280.000000 97.275
300.000000 93.781
315.000000 91.331
335.000000 92.431
355.000000 93.883
375.000000 92.580
400.000000 90.975
425.000000 91.853
450.000000 92.623
475.000000 94.313
500.000000 97.032
530.000000 96.630
560.000000 94.264
600.000000 92.625
630.000000 92.844
670.000000 94.038
710.000000 93.632
750.000000 94.807
800.000000 97.214
850.000000 96.587
900.000000 96.050
950.000000 95.577
1000.000000 93.919
1060.000000 92.908
1120.000000 92.267
1180.000000 92.182
1250.000000 89.567
1320.000000 87.461
1400.000000 88.055
1500.000000 89.736
1600.000000 91.461
1700.000000 91.255
1800.000000 90.512
1900.000000 89.170
2000.000000 88.648
2120.000000 90.407
2240.000000 92.026
2360.000000 91.545
2500.000000 88.752
2650.000000 90.565
2800.000000 92.182
3000.000000 90.826
3150.000000 90.717
3350.000000 91.125
3550.000000 90.958
3750.000000 91.132
4000.000000 90.710
4250.000000 91.301
4500.000000 91.214
4750.000000 91.100
5000.000000 91.009
5300.000000 91.579
5600.000000 92.336
6000.000000 91.971
6300.000000 91.793
6700.000000 92.469
7100.000000 92.980
7500.000000 92.601
8000.000000 91.698
8500.000000 91.958
9000.000000 91.852
9500.000000 91.638
10000.000000 92.097
10600.000000 92.429
11200.000000 92.633
11800.000000 92.184
12500.000000 91.538
13200.000000 90.465
14000.000000 89.306
15000.000000 89.013
16000.000000 89.952
17000.000000 90.873
18000.000000 91.151
19000.000000 90.839
20000.000000 90.559
