21.200001 58.692
22.400000 59.756
23.600000 60.663
25.000000 63.167
26.500000 64.050
28.000000 66.531
30.000000 70.297
31.500000 73.468
33.500000 76.850
35.500000 80.565
37.500000 85.010
40.000000 90.162
42.500000 93.195
45.000000 93.429
47.500000 91.914
50.000000 91.865
53.000000 92.372
56.000000 91.938
60.000000 91.808
63.000000 93.350
67.000000 92.997
71.000000 91.299
75.000000 91.129
80.000000 91.841
85.000000 92.101
90.000000 92.506
95.000000 92.245
100.000000 90.686
106.000000 90.955
112.000000 90.779
118.000000 91.263
125.000000 92.193
132.000000 90.975
140.000000 90.930
150.000000 93.494
160.000000 93.695
170.000000 94.168
180.000000 93.774
190.000000 93.249
200.000000 94.220
212.000000 94.074
224.000000 92.934
236.000000 94.168
250.000000 93.282
265.000000 92.439
280.000000 93.378
300.000000 92.794
315.000000 92.929
335.000000 92.864
355.000000 92.987
375.000000 92.501
400.000000 92.249
425.000000 92.491
450.000000 93.320
475.000000 92.813
500.000000 94.173
530.000000 94.968
560.000000 95.920
600.000000 95.776
630.000000 94.796
670.000000 93.742
710.000000 92.726
750.000000 92.517
800.000000 92.898
850.000000 92.726
900.000000 92.781
950.000000 92.678
1000.000000 92.411
1060.000000 93.272
1120.000000 93.857
1180.000000 94.985
1250.000000 93.737
1320.000000 92.686
1400.000000 92.225
1500.000000 92.534
1600.000000 93.504
1700.000000 93.347
1800.000000 93.217
1900.000000 92.718
2000.000000 91.754
2120.000000 92.486
2240.000000 94.402
2360.000000 94.673
2500.000000 92.406
2650.000000 92.517
2800.000000 93.550
3000.000000 93.233
3150.000000 93.088
3350.000000 93.250
3550.000000 93.197
3750.000000 93.769
4000.000000 93.045
4250.000000 93.224
4500.000000 93.039
4750.000000 93.228
5000.000000 93.578
5300.000000 93.698
5600.000000 93.902
6000.000000 93.139
6300.000000 92.720
6700.000000 92.856
7100.000000 92.971
7500.000000 92.907
8000.000000 92.379
8500.000000 92.629
9000.000000 92.545
9500.000000 92.209
10000.000000 92.341
10600.000000 92.160
11200.000000 91.994
11800.000000 91.772
12500.000000 92.026
13200.000000 92.076
14000.000000 92.195
15000.000000 91.740
16000.000000 91.780
17000.000000 92.283
18000.000000 92.425
19000.000000 92.055
20000.000000 91.753
