21.200001 -39.025
22.400000 -34.045
23.600000 -32.157
25.000000 -33.491
26.500000 -31.736
28.000000 -28.299
30.000000 -24.126
31.500000 -21.415
33.500000 -17.303
35.500000 -12.259
37.500000 -6.081
40.000000 1.028
42.500000 5.220
45.000000 4.919
47.500000 1.310
50.000000 -1.541
53.000000 -3.015
56.000000 -5.491
60.000000 -9.633
63.000000 -12.062
67.000000 -12.292
71.000000 -9.558
75.000000 -6.064
80.000000 -0.722
85.000000 2.006
90.000000 3.453
95.000000 2.411
100.000000 -1.423
106.000000 -5.285
112.000000 -8.450
118.000000 -6.049
125.000000 -2.718
132.000000 -1.009
140.000000 -0.661
150.000000 -0.449
160.000000 0.882
170.000000 2.734
180.000000 2.391
190.000000 -1.863
200.000000 -3.751
212.000000 -4.036
224.000000 -5.513
236.000000 -3.453
250.000000 -1.427
265.000000 -1.752
280.000000 -1.467
300.000000 -1.941
315.000000 -3.572
335.000000 -4.859
355.000000 -2.764
375.000000 -1.945
400.000000 -1.356
425.000000 -0.292
450.000000 0.775
475.000000 0.711
500.000000 1.228
530.000000 -1.208
560.000000 0.033
600.000000 4.416
630.000000 4.580
670.000000 2.676
710.000000 2.089
750.000000 2.960
800.000000 2.347
850.000000 1.042
900.000000 0.117
950.000000 -0.261
1000.000000 0.271
1060.000000 0.976
1120.000000 -0.830
1180.000000 -0.539
1250.000000 -0.469
1320.000000 -1.316
1400.000000 -3.003
1500.000000 -2.904
1600.000000 -2.631
1700.000000 -1.208
1800.000000 -1.775
1900.000000 -1.528
2000.000000 -1.738
2120.000000 -1.969
2240.000000 -2.918
2360.000000 -2.613
2500.000000 -1.458
2650.000000 -1.792
2800.000000 -2.472
3000.000000 -0.608
3150.000000 -0.756
3350.000000 -1.873
3550.000000 -0.988
3750.000000 -2.174
4000.000000 -1.154
4250.000000 -1.529
4500.000000 -1.352
4750.000000 -1.178
5000.000000 -0.612
5300.000000 -0.993
5600.000000 -0.861
6000.000000 -0.189
6300.000000 -0.046
6700.000000 -0.447
7100.000000 -0.948
7500.000000 -1.399
8000.000000 -1.635
8500.000000 -1.662
9000.000000 -1.363
9500.000000 -1.661
10000.000000 -2.120
10600.000000 -1.981
11200.000000 -2.303
11800.000000 -2.870
12500.000000 -3.699
13200.000000 -4.457
14000.000000 -5.613
15000.000000 -5.299
16000.000000 -3.757
17000.000000 -3.205
18000.000000 -3.282
19000.000000 -3.973
20000.000000 -4.564
