21.200001 -27.939
22.400000 -25.737
23.600000 -27.247
25.000000 -28.083
26.500000 -27.276
28.000000 -26.814
30.000000 -24.627
31.500000 -21.329
33.500000 -17.356
35.500000 -12.741
37.500000 -7.342
40.000000 -0.714
42.500000 3.525
45.000000 3.220
47.500000 -0.519
50.000000 -4.143
53.000000 -6.433
56.000000 -9.485
60.000000 -12.524
63.000000 -10.990
67.000000 -10.338
71.000000 -9.312
75.000000 -5.132
80.000000 0.566
85.000000 3.266
90.000000 3.997
95.000000 1.964
100.000000 -2.915
106.000000 -6.837
112.000000 -7.226
118.000000 -4.697
125.000000 -2.909
132.000000 -4.475
140.000000 -3.516
150.000000 2.722
160.000000 3.006
170.000000 -0.073
180.000000 -1.179
190.000000 -0.364
200.000000 1.142
212.000000 -0.077
224.000000 -3.273
236.000000 -3.963
250.000000 -2.536
265.000000 2.182
280.000000 3.613
300.000000 -0.270
315.000000 -1.906
335.000000 0.608
355.000000 1.858
375.000000 0.258
400.000000 -1.890
425.000000 -1.382
450.000000 -0.344
475.000000 1.328
500.000000 4.270
530.000000 3.708
560.000000 1.324
600.000000 -0.358
630.000000 -0.297
670.000000 0.910
710.000000 0.964
750.000000 2.557
800.000000 4.856
850.000000 4.121
900.000000 2.983
950.000000 2.603
1000.000000 0.996
1060.000000 0.094
1120.000000 -0.767
1180.000000 -1.098
1250.000000 -3.321
1320.000000 -5.033
1400.000000 -4.332
1500.000000 -2.760
1600.000000 -1.209
1700.000000 -1.618
1800.000000 -2.724
1900.000000 -4.192
2000.000000 -4.554
2120.000000 -2.638
2240.000000 -1.313
2360.000000 -2.204
2500.000000 -4.054
2650.000000 -1.908
2800.000000 -0.384
3000.000000 -1.822
3150.000000 -2.023
3350.000000 -1.874
3550.000000 -1.987
3750.000000 -2.245
4000.000000 -2.180
4250.000000 -1.708
4500.000000 -1.564
4750.000000 -1.793
5000.000000 -2.065
5300.000000 -1.465
5600.000000 -0.680
6000.000000 -0.920
6300.000000 -1.192
6700.000000 -0.752
7100.000000 -0.020
7500.000000 -0.254
8000.000000 -1.262
8500.000000 -1.131
9000.000000 -1.109
9500.000000 -1.306
10000.000000 -0.905
10600.000000 -0.613
11200.000000 -0.394
11800.000000 -0.809
12500.000000 -1.427
13200.000000 -2.467
14000.000000 -3.606
15000.000000 -3.855
16000.000000 -3.026
17000.000000 -2.108
18000.000000 -1.845
19000.000000 -2.097
20000.000000 -2.251
