21.200001 -38.466
22.400000 -36.176
23.600000 -36.183
25.000000 -35.482
26.500000 -34.422
28.000000 -30.423
30.000000 -23.946
31.500000 -20.491
33.500000 -17.500
35.500000 -13.211
37.500000 -8.054
40.000000 -2.716
42.500000 0.127
45.000000 0.435
47.500000 -0.142
50.000000 1.182
53.000000 2.107
56.000000 1.003
60.000000 -2.014
63.000000 -4.418
67.000000 -4.971
71.000000 -3.366
75.000000 -3.230
80.000000 -2.889
85.000000 -2.114
90.000000 0.213
95.000000 0.790
100.000000 -0.879
106.000000 -2.289
112.000000 -4.408
118.000000 -2.242
125.000000 0.245
132.000000 0.589
140.000000 -0.459
150.000000 -2.336
160.000000 -0.394
170.000000 2.668
180.000000 3.123
190.000000 -0.268
200.000000 -1.379
212.000000 -0.932
224.000000 -1.030
236.000000 0.926
250.000000 1.055
265.000000 -1.049
280.000000 -1.886
300.000000 -0.660
315.000000 -2.122
335.000000 -4.913
355.000000 -3.582
375.000000 -1.441
400.000000 -0.431
425.000000 -0.289
450.000000 0.845
475.000000 0.133
500.000000 -0.706
530.000000 -2.912
560.000000 -1.837
600.000000 2.897
630.000000 3.406
670.000000 2.012
710.000000 1.183
750.000000 1.545
800.000000 -0.275
850.000000 -1.462
900.000000 -2.534
950.000000 -2.493
1000.000000 -1.190
1060.000000 0.436
1120.000000 0.362
1180.000000 1.660
1250.000000 2.588
1320.000000 1.785
1400.000000 -0.910
1500.000000 -2.353
1600.000000 -1.937
1700.000000 -0.804
1800.000000 -0.959
1900.000000 -0.611
2000.000000 -1.252
2120.000000 -1.625
2240.000000 -1.759
2360.000000 -1.310
2500.000000 -0.506
2650.000000 -1.022
2800.000000 -1.448
3000.000000 0.129
3150.000000 -0.274
3350.000000 -0.932
3550.000000 -0.067
3750.000000 -1.215
4000.000000 -0.417
4250.000000 -1.055
4500.000000 -0.626
4750.000000 -0.408
5000.000000 0.321
5300.000000 -0.041
5600.000000 0.051
6000.000000 0.458
6300.000000 0.624
6700.000000 0.151
7100.000000 -0.501
7500.000000 -0.919
8000.000000 -1.085
8500.000000 -1.179
9000.000000 -1.148
9500.000000 -1.565
10000.000000 -2.189
10600.000000 -2.351
11200.000000 -2.785
11800.000000 -3.057
12500.000000 -3.136
13200.000000 -3.073
14000.000000 -3.200
15000.000000 -2.374
16000.000000 -1.733
17000.000000 -1.804
18000.000000 -2.218
19000.000000 -3.126
20000.000000 -3.836
