21.200001 -29.783
22.400000 -29.365
23.600000 -29.912
25.000000 -28.094
26.500000 -26.106
28.000000 -24.798
30.000000 -21.565
31.500000 -18.357
33.500000 -14.504
35.500000 -10.900
37.500000 -7.652
40.000000 -4.172
42.500000 -1.579
45.000000 -1.736
47.500000 -3.745
50.000000 -4.940
53.000000 -5.475
56.000000 -3.753
60.000000 1.809
63.000000 4.762
67.000000 4.215
71.000000 0.600
75.000000 -0.888
80.000000 0.351
85.000000 0.994
90.000000 0.885
95.000000 -0.491
100.000000 -1.279
106.000000 2.112
112.000000 2.240
118.000000 1.013
125.000000 -0.007
132.000000 -1.337
140.000000 1.826
150.000000 2.807
160.000000 1.233
170.000000 0.725
180.000000 0.024
190.000000 -0.846
200.000000 -0.730
212.000000 -3.467
224.000000 -3.057
236.000000 -2.504
250.000000 -0.863
265.000000 -0.100
280.000000 -1.374
300.000000 -2.890
315.000000 -3.528
335.000000 -0.326
355.000000 1.170
375.000000 0.008
400.000000 1.211
425.000000 3.375
450.000000 1.855
475.000000 1.049
500.000000 -0.135
530.000000 0.527
560.000000 1.183
600.000000 0.070
630.000000 -2.540
670.000000 -1.412
710.000000 -1.139
750.000000 -2.395
800.000000 -2.137
850.000000 -2.810
900.000000 -0.945
950.000000 0.059
1000.000000 -0.293
1060.000000 -0.287
1120.000000 -0.257
1180.000000 -0.281
1250.000000 0.542
1320.000000 1.609
1400.000000 1.933
1500.000000 1.697
1600.000000 0.688
1700.000000 -1.027
1800.000000 -1.697
1900.000000 -0.467
2000.000000 0.991
2120.000000 0.466
2240.000000 -0.562
2360.000000 -0.104
2500.000000 0.547
2650.000000 0.044
2800.000000 0.700
3000.000000 1.145
3150.000000 -0.194
3350.000000 0.033
3550.000000 -0.706
3750.000000 0.023
4000.000000 -0.082
4250.000000 0.203
4500.000000 0.751
4750.000000 1.042
5000.000000 1.391
5300.000000 1.441
5600.000000 1.739
6000.000000 1.999
6300.000000 1.630
6700.000000 1.142
7100.000000 1.361
7500.000000 1.558
8000.000000 1.401
8500.000000 1.504
9000.000000 1.353
9500.000000 0.886
10000.000000 0.183
10600.000000 -0.362
11200.000000 -0.625
11800.000000 -0.330
12500.000000 0.082
13200.000000 0.228
14000.000000 0.282
15000.000000 0.134
16000.000000 -0.496
17000.000000 -1.004
18000.000000 -1.373
19000.000000 -2.113
20000.000000 -2.834
