21.200001 -32.584
22.400000 -28.879
23.600000 -27.589
25.000000 -27.129
26.500000 -25.249
28.000000 -23.329
30.000000 -20.873
31.500000 -18.599
33.500000 -15.490
35.500000 -11.696
37.500000 -6.628
40.000000 -0.139
42.500000 3.846
45.000000 3.195
47.500000 -1.125
50.000000 -6.191
53.000000 -10.306
56.000000 -11.260
60.000000 -6.121
63.000000 -2.821
67.000000 -3.256
71.000000 -6.134
75.000000 -3.577
80.000000 2.341
85.000000 4.876
90.000000 4.699
95.000000 1.899
100.000000 -2.425
106.000000 -2.655
112.000000 -3.258
118.000000 -4.063
125.000000 -3.898
132.000000 -2.629
140.000000 2.123
150.000000 4.952
160.000000 3.337
170.000000 1.598
180.000000 0.430
190.000000 -2.298
200.000000 -3.185
212.000000 -6.065
224.000000 -5.709
236.000000 -6.081
250.000000 -3.254
265.000000 -0.697
280.000000 0.111
300.000000 -1.599
315.000000 -2.904
335.000000 -1.031
355.000000 1.117
375.000000 0.287
400.000000 1.695
425.000000 3.654
450.000000 1.558
475.000000 1.737
500.000000 2.863
530.000000 4.274
560.000000 3.844
600.000000 2.174
630.000000 -0.534
670.000000 -0.309
710.000000 -0.320
750.000000 0.003
800.000000 1.897
850.000000 0.029
900.000000 1.177
950.000000 2.161
1000.000000 0.874
1060.000000 -0.495
1120.000000 -1.784
1180.000000 -2.231
1250.000000 -2.336
1320.000000 -1.439
1400.000000 -0.225
1500.000000 0.398
1600.000000 -0.308
1700.000000 -2.347
1800.000000 -2.686
1900.000000 -1.328
2000.000000 0.153
2120.000000 -0.560
2240.000000 -1.546
2360.000000 -0.872
2500.000000 -0.347
2650.000000 -1.081
2800.000000 0.018
3000.000000 0.384
3150.000000 -0.919
3350.000000 -0.755
3550.000000 -1.638
3750.000000 -0.789
4000.000000 -0.710
4250.000000 -0.544
4500.000000 0.061
4750.000000 0.193
5000.000000 0.514
5300.000000 0.462
5600.000000 0.638
6000.000000 1.050
6300.000000 0.846
6700.000000 0.449
7100.000000 0.726
7500.000000 0.782
8000.000000 0.620
8500.000000 0.819
9000.000000 0.750
9500.000000 0.481
10000.000000 0.062
10600.000000 -0.077
11200.000000 -0.243
11800.000000 -0.336
12500.000000 -0.564
13200.000000 -1.228
14000.000000 -2.316
15000.000000 -2.931
16000.000000 -2.758
17000.000000 -2.601
18000.000000 -2.647
19000.000000 -3.281
20000.000000 -4.030
