21.200001 -34.054
22.400000 -31.334
23.600000 -29.757
25.000000 -29.719
26.500000 -27.764
28.000000 -24.718
30.000000 -23.365
31.500000 -20.570
33.500000 -16.065
35.500000 -12.158
37.500000 -8.182
40.000000 -3.904
42.500000 -1.471
45.000000 -0.985
47.500000 -1.742
50.000000 -1.304
53.000000 -1.048
56.000000 -2.440
60.000000 -4.245
63.000000 -2.671
67.000000 -2.194
71.000000 -2.320
75.000000 -1.841
80.000000 -0.858
85.000000 -0.251
90.000000 0.899
95.000000 0.210
100.000000 -2.769
106.000000 -2.892
112.000000 -1.500
118.000000 0.555
125.000000 1.375
132.000000 -1.309
140.000000 -2.884
150.000000 1.630
160.000000 2.619
170.000000 2.005
180.000000 1.445
190.000000 1.020
200.000000 3.098
212.000000 3.185
224.000000 1.055
236.000000 1.550
250.000000 1.400
265.000000 2.996
280.000000 4.352
300.000000 1.464
315.000000 1.156
335.000000 2.059
355.000000 2.131
375.000000 0.195
400.000000 -1.263
425.000000 -0.413
450.000000 0.084
475.000000 -0.141
500.000000 1.836
530.000000 1.743
560.000000 0.243
600.000000 -0.376
630.000000 -0.231
670.000000 0.877
710.000000 0.469
750.000000 1.029
800.000000 2.070
850.000000 1.774
900.000000 1.692
950.000000 1.447
1000.000000 0.314
1060.000000 0.903
1120.000000 0.883
1180.000000 1.473
1250.000000 -0.443
1320.000000 -2.628
1400.000000 -2.251
1500.000000 -1.000
1600.000000 0.337
1700.000000 -0.390
1800.000000 -1.363
1900.000000 -2.885
2000.000000 -2.805
2120.000000 -0.756
2240.000000 0.367
2360.000000 -0.387
2500.000000 -1.874
2650.000000 -0.108
2800.000000 1.266
3000.000000 -0.580
3150.000000 -0.643
3350.000000 -0.589
3550.000000 -0.702
3750.000000 -0.774
4000.000000 -0.656
4250.000000 -0.448
4500.000000 -0.241
4750.000000 -0.332
5000.000000 -0.323
5300.000000 0.203
5600.000000 0.942
6000.000000 0.704
6300.000000 0.467
6700.000000 0.762
7100.000000 1.377
7500.000000 1.290
8000.000000 0.265
8500.000000 0.285
9000.000000 0.181
9500.000000 -0.093
10000.000000 -0.012
10600.000000 -0.167
11200.000000 -0.061
11800.000000 -0.082
12500.000000 -0.091
13200.000000 -0.436
14000.000000 -0.603
15000.000000 -0.489
16000.000000 -0.316
17000.000000 -0.061
18000.000000 -0.076
19000.000000 -0.491
20000.000000 -0.820
