21.200001 70.671
22.400000 72.792
23.600000 72.944
25.000000 72.573
26.500000 74.149
28.000000 75.755
30.000000 75.865
31.500000 78.090
33.500000 81.620
35.500000 85.149
37.500000 89.394
40.000000 95.005
42.500000 98.177
45.000000 97.069
47.500000 92.588
50.000000 88.309
53.000000 86.801
56.000000 88.501
60.000000 93.688
63.000000 96.157
67.000000 95.552
71.000000 93.072
75.000000 96.136
80.000000 102.072
85.000000 104.295
90.000000 102.815
95.000000 98.992
100.000000 95.688
106.000000 95.944
112.000000 93.782
118.000000 91.057
125.000000 91.989
132.000000 95.530
140.000000 97.626
150.000000 97.895
160.000000 100.442
170.000000 100.654
180.000000 98.179
190.000000 97.198
200.000000 96.814
212.000000 94.601
224.000000 95.851
236.000000 98.724
250.000000 99.654
265.000000 99.471
280.000000 97.668
300.000000 97.918
315.000000 101.439
335.000000 102.142
355.000000 98.959
375.000000 98.664
400.000000 99.431
425.000000 97.719
450.000000 96.679
475.000000 98.172
500.000000 99.094
530.000000 97.840
560.000000 96.607
600.000000 97.143
630.000000 96.734
670.000000 95.826
710.000000 96.988
750.000000 99.816
800.000000 100.985
850.000000 100.483
900.000000 98.869
950.000000 98.417
1000.000000 96.339
1060.000000 94.944
1120.000000 95.731
1180.000000 97.210
1250.000000 98.034
1320.000000 97.135
1400.000000 95.951
1500.000000 96.752
1600.000000 97.847
1700.000000 97.858
1800.000000 97.081
1900.000000 96.214
2000.000000 97.802
2120.000000 98.811
2240.000000 96.953
2360.000000 97.346
2500.000000 97.432
2650.000000 97.146
2800.000000 97.924
3000.000000 97.062
3150.000000 97.072
3350.000000 96.630
3550.000000 96.639
3750.000000 96.609
4000.000000 97.197
4250.000000 97.332
4500.000000 97.521
4750.000000 98.173
5000.000000 98.678
5300.000000 99.000
5600.000000 99.186
6000.000000 99.547
6300.000000 99.328
6700.000000 98.796
7100.000000 99.081
7500.000000 98.913
8000.000000 98.640
8500.000000 99.065
9000.000000 99.115
9500.000000 98.983
10000.000000 98.575
10600.000000 98.494
11200.000000 98.250
11800.000000 98.142
12500.000000 97.783
13200.000000 97.074
14000.000000 95.881
15000.000000 95.409
16000.000000 96.008
17000.000000 96.466
18000.000000 96.711
19000.000000 96.503
20000.000000 96.118
