21.200001 63.857
22.400000 63.809
23.600000 65.576
25.000000 66.059
26.500000 68.619
28.000000 71.372
30.000000 74.388
31.500000 77.168
33.500000 80.468
35.500000 84.644
37.500000 90.315
40.000000 97.578
42.500000 102.040
45.000000 102.014
47.500000 98.813
50.000000 95.976
53.000000 94.508
56.000000 91.866
60.000000 87.228
63.000000 85.468
67.000000 86.538
71.000000 89.590
75.000000 92.389
80.000000 96.017
85.000000 98.218
90.000000 100.119
95.000000 99.642
100.000000 96.589
106.000000 93.550
112.000000 89.963
118.000000 90.049
125.000000 93.416
132.000000 95.891
140.000000 96.716
150.000000 96.291
160.000000 95.855
170.000000 97.433
180.000000 97.220
190.000000 94.845
200.000000 94.578
212.000000 94.478
224.000000 94.749
236.000000 95.855
250.000000 96.164
265.000000 91.440
280.000000 91.053
300.000000 94.439
315.000000 93.613
335.000000 94.630
355.000000 99.028
375.000000 99.071
400.000000 98.229
425.000000 98.940
450.000000 100.463
475.000000 98.633
500.000000 98.610
530.000000 97.524
560.000000 97.230
600.000000 100.404
630.000000 100.826
670.000000 101.327
710.000000 99.013
750.000000 98.411
800.000000 98.567
850.000000 99.847
900.000000 99.636
950.000000 97.520
1000.000000 96.373
1060.000000 95.444
1120.000000 96.529
1180.000000 97.273
1250.000000 97.741
1320.000000 97.423
1400.000000 94.832
1500.000000 93.825
1600.000000 93.477
1700.000000 95.475
1800.000000 95.558
1900.000000 95.810
2000.000000 96.222
2120.000000 96.117
2240.000000 95.251
2360.000000 94.621
2500.000000 96.061
2650.000000 96.649
2800.000000 95.541
3000.000000 95.709
3150.000000 97.100
3350.000000 96.206
3550.000000 96.608
3750.000000 96.487
4000.000000 95.967
4250.000000 96.830
4500.000000 96.986
4750.000000 97.142
5000.000000 96.453
5300.000000 96.441
5600.000000 96.844
6000.000000 97.359
6300.000000 97.310
6700.000000 96.815
7100.000000 96.983
7500.000000 96.955
8000.000000 96.912
8500.000000 97.351
9000.000000 97.170
9500.000000 96.884
10000.000000 96.500
10600.000000 96.157
11200.000000 95.749
11800.000000 95.599
12500.000000 95.157
13200.000000 94.677
14000.000000 94.055
15000.000000 93.326
16000.000000 93.114
17000.000000 93.095
18000.000000 92.950
19000.000000 92.191
