21.200001 62.254
22.400000 64.172
23.600000 66.587
25.000000 68.554
26.500000 67.820
28.000000 70.373
30.000000 72.588
31.500000 74.589
33.500000 78.204
35.500000 81.846
37.500000 86.003
40.000000 91.204
42.500000 94.761
45.000000 95.803
47.500000 95.542
50.000000 96.576
53.000000 97.275
56.000000 95.430
60.000000 90.935
63.000000 88.440
67.000000 89.547
71.000000 92.581
75.000000 93.322
80.000000 93.250
85.000000 93.136
90.000000 95.001
95.000000 95.892
100.000000 94.830
106.000000 93.585
112.000000 90.556
118.000000 90.412
125.000000 92.490
132.000000 93.770
140.000000 93.648
150.000000 91.668
160.000000 91.113
170.000000 93.892
180.000000 94.135
190.000000 92.714
200.000000 93.404
212.000000 94.499
224.000000 93.964
236.000000 93.503
250.000000 93.451
265.000000 88.873
280.000000 89.750
300.000000 92.946
315.000000 91.672
335.000000 91.626
355.000000 96.267
375.000000 96.757
400.000000 95.742
425.000000 95.359
450.000000 96.309
475.000000 94.346
500.000000 93.877
530.000000 92.092
560.000000 92.494
600.000000 96.791
630.000000 98.244
670.000000 99.338
710.000000 96.777
750.000000 95.363
800.000000 94.263
850.000000 95.105
900.000000 95.436
950.000000 94.081
1000.000000 92.985
1060.000000 92.572
1120.000000 94.440
1180.000000 95.492
1250.000000 96.141
1320.000000 96.106
1400.000000 93.947
1500.000000 92.258
1600.000000 91.690
1700.000000 93.474
1800.000000 93.627
1900.000000 93.667
2000.000000 93.857
2120.000000 93.563
2240.000000 92.641
2360.000000 92.550
2500.000000 93.952
2650.000000 94.221
2800.000000 92.885
3000.000000 93.613
3150.000000 95.031
3350.000000 94.347
3550.000000 95.074
3750.000000 94.349
4000.000000 93.970
4250.000000 94.732
4500.000000 94.713
4750.000000 94.328
5000.000000 93.512
5300.000000 93.366
5600.000000 93.558
6000.000000 93.670
6300.000000 93.555
6700.000000 93.047
7100.000000 93.490
7500.000000 93.519
8000.000000 93.296
8500.000000 93.712
9000.000000 93.884
9500.000000 93.639
10000.000000 93.458
10600.000000 93.410
11200.000000 93.114
11800.000000 93.104
12500.000000 92.971
13200.000000 92.889
14000.000000 92.799
15000.000000 92.449
16000.000000 91.839
17000.000000 91.429
18000.000000 91.234
19000.000000 90.844
20000.000000 90.452
