21.200001 63.191
22.400000 64.667
23.600000 66.367
25.000000 67.021
26.500000 69.492
28.000000 72.029
30.000000 76.659
31.500000 79.516
33.500000 82.521
35.500000 86.963
37.500000 92.789
40.000000 99.441
42.500000 103.187
45.000000 102.772
47.500000 99.117
50.000000 95.672
53.000000 92.901
56.000000 90.052
60.000000 90.073
63.000000 91.454
67.000000 90.224
71.000000 86.386
75.000000 84.383
80.000000 88.723
85.000000 92.904
90.000000 95.919
95.000000 95.174
100.000000 91.442
106.000000 91.045
112.000000 92.192
118.000000 93.450
125.000000 95.658
132.000000 95.267
140.000000 93.358
150.000000 98.215
160.000000 100.081
170.000000 97.448
180.000000 97.251
190.000000 99.127
200.000000 99.353
212.000000 99.786
224.000000 98.406
236.000000 96.203
250.000000 94.384
265.000000 94.309
280.000000 94.920
300.000000 93.159
315.000000 93.646
335.000000 93.982
355.000000 95.193
375.000000 97.256
400.000000 97.532
425.000000 97.289
450.000000 97.923
475.000000 99.491
500.000000 102.876
530.000000 102.783
560.000000 98.310
600.000000 97.428
630.000000 97.883
670.000000 98.267
710.000000 97.884
750.000000 98.538
800.000000 96.491
850.000000 96.396
900.000000 97.438
950.000000 97.408
1000.000000 96.201
1060.000000 96.278
1120.000000 97.959
1180.000000 97.563
1250.000000 96.081
1320.000000 94.304
1400.000000 94.728
1500.000000 96.181
1600.000000 97.858
1700.000000 97.316
1800.000000 96.634
1900.000000 95.497
2000.000000 94.574
2120.000000 95.437
2240.000000 97.201
2360.000000 97.887
2500.000000 96.537
2650.000000 96.520
2800.000000 97.832
3000.000000 97.145
3150.000000 96.477
3350.000000 96.691
3550.000000 95.800
3750.000000 96.550
4000.000000 96.456
4250.000000 96.933
4500.000000 97.209
4750.000000 98.140
5000.000000 97.894
5300.000000 97.982
5600.000000 98.062
6000.000000 98.777
6300.000000 98.343
6700.000000 98.163
7100.000000 98.431
7500.000000 98.290
8000.000000 98.117
8500.000000 97.858
9000.000000 97.546
9500.000000 97.332
10000.000000 97.083
10600.000000 96.843
11200.000000 96.491
11800.000000 95.844
12500.000000 95.207
13200.000000 94.659
14000.000000 94.196
15000.000000 94.090
16000.000000 94.205
17000.000000 94.036
18000.000000 93.747
19000.000000 93.106
