21.200001 69.280
22.400000 70.978
23.600000 71.342
25.000000 69.968
26.500000 71.308
28.000000 71.897
30.000000 75.740
31.500000 78.033
33.500000 81.476
35.500000 84.633
37.500000 87.877
40.000000 92.108
42.500000 94.443
45.000000 94.264
47.500000 92.496
50.000000 91.499
53.000000 90.338
56.000000 91.292
60.000000 95.648
63.000000 98.024
67.000000 97.845
71.000000 95.531
75.000000 95.982
80.000000 98.715
85.000000 99.452
90.000000 98.615
95.000000 96.716
100.000000 95.389
106.000000 97.825
112.000000 97.502
118.000000 96.115
125.000000 94.750
132.000000 94.431
140.000000 97.530
150.000000 98.121
160.000000 96.865
170.000000 98.853
180.000000 98.355
190.000000 96.477
200.000000 96.765
212.000000 93.153
224.000000 92.155
236.000000 95.206
250.000000 98.969
265.000000 99.892
280.000000 99.733
300.000000 94.642
315.000000 95.959
335.000000 99.771
355.000000 99.977
375.000000 96.869
400.000000 94.389
425.000000 95.196
450.000000 95.367
475.000000 97.507
500.000000 97.692
530.000000 95.904
560.000000 97.565
600.000000 95.791
630.000000 95.388
670.000000 93.945
710.000000 95.349
750.000000 95.377
800.000000 95.274
850.000000 96.462
900.000000 97.538
950.000000 97.211
1000.000000 95.711
1060.000000 94.961
1120.000000 95.476
1180.000000 96.428
1250.000000 97.702
1320.000000 98.265
1400.000000 98.724
1500.000000 97.442
1600.000000 94.946
1700.000000 95.116
1800.000000 96.425
1900.000000 97.475
2000.000000 97.384
2120.000000 95.536
2240.000000 95.629
2360.000000 96.433
2500.000000 95.407
2650.000000 96.147
2800.000000 96.789
3000.000000 95.326
3150.000000 95.517
3350.000000 95.856
3550.000000 96.510
3750.000000 95.875
4000.000000 96.284
4250.000000 95.758
4500.000000 95.812
4750.000000 96.377
5000.000000 96.175
5300.000000 96.114
5600.000000 96.027
6000.000000 95.899
6300.000000 95.566
6700.000000 95.500
7100.000000 95.915
7500.000000 95.878
8000.000000 95.305
8500.000000 95.321
9000.000000 95.285
9500.000000 95.549
10000.000000 95.939
10600.000000 96.490
11200.000000 96.571
11800.000000 96.399
12500.000000 95.864
13200.000000 95.220
14000.000000 94.679
15000.000000 94.733
16000.000000 94.787
17000.000000 94.872
18000.000000 95.067
19000.000000 95.186
20000.000000 95.169
