21.200001 84.212
22.400000 84.894
23.600000 85.551
25.000000 86.284
26.500000 87.028
28.000000 87.729
30.000000 88.596
31.500000 89.193
33.500000 89.919
35.500000 90.563
37.500000 91.126
40.000000 91.717
42.500000 92.190
45.000000 92.554
47.500000 92.824
50.000000 93.020
53.000000 93.189
56.000000 93.323
60.000000 93.509
63.000000 93.688
67.000000 93.990
71.000000 94.347
75.000000 94.712
80.000000 95.109
85.000000 95.373
90.000000 95.479
95.000000 95.450
100.000000 95.349
106.000000 95.238
112.000000 95.215
118.000000 95.274
125.000000 95.409
132.000000 95.637
140.000000 96.051
150.000000 96.578
160.000000 96.718
170.000000 96.440
180.000000 96.049
190.000000 95.771
200.000000 95.551
212.000000 95.189
224.000000 94.858
236.000000 94.792
250.000000 95.044
265.000000 95.530
280.000000 95.750
300.000000 95.235
315.000000 94.794
335.000000 94.778
355.000000 95.026
375.000000 94.957
400.000000 94.250
425.000000 93.646
450.000000 93.576
475.000000 93.849
500.000000 94.268
530.000000 95.084
560.000000 96.462
600.000000 97.495
630.000000 96.990
670.000000 96.287
710.000000 96.538
750.000000 96.097
800.000000 94.912
850.000000 94.496
900.000000 94.695
950.000000 95.883
1000.000000 96.663
1060.000000 95.917
1120.000000 95.270
1180.000000 95.364
1250.000000 95.114
1320.000000 94.620
1400.000000 94.880
1500.000000 95.769
1600.000000 96.192
1700.000000 95.328
1800.000000 93.969
1900.000000 93.080
2000.000000 93.720
2120.000000 95.014
2240.000000 95.214
2360.000000 94.616
2500.000000 94.290
2650.000000 94.950
2800.000000 95.238
3000.000000 94.966
3150.000000 95.473
3350.000000 95.126
3550.000000 94.931
3750.000000 95.039
4000.000000 95.263
4250.000000 95.513
4500.000000 95.311
4750.000000 94.964
5000.000000 94.757
5300.000000 94.481
5600.000000 94.598
6000.000000 94.882
6300.000000 94.888
6700.000000 94.790
7100.000000 94.847
7500.000000 94.816
8000.000000 94.431
8500.000000 94.377
9000.000000 94.473
9500.000000 94.476
10000.000000 94.335
10600.000000 94.352
11200.000000 94.299
11800.000000 94.233
12500.000000 94.119
13200.000000 93.792
14000.000000 93.324
15000.000000 93.100
16000.000000 92.943
17000.000000 92.789
18000.000000 92.747
19000.000000 92.730
20000.000000 92.729
