21.200001 60.043
22.400000 60.141
23.600000 58.852
25.000000 62.369
26.500000 66.896
28.000000 69.998
30.000000 75.014
31.500000 77.260
33.500000 80.079
35.500000 83.829
37.500000 88.004
40.000000 92.879
42.500000 95.679
45.000000 96.080
47.500000 95.106
50.000000 95.261
53.000000 94.910
56.000000 93.097
60.000000 91.270
63.000000 92.076
67.000000 92.293
71.000000 92.062
75.000000 93.188
80.000000 95.593
85.000000 96.527
90.000000 97.361
95.000000 96.569
100.000000 93.378
106.000000 93.168
112.000000 94.661
118.000000 96.483
125.000000 97.126
132.000000 94.407
140.000000 92.269
150.000000 97.465
160.000000 98.145
170.000000 96.358
180.000000 95.423
190.000000 95.953
200.000000 97.941
212.000000 96.806
224.000000 94.401
236.000000 92.533
250.000000 93.299
265.000000 96.418
280.000000 97.576
300.000000 95.085
315.000000 95.223
335.000000 96.046
355.000000 97.004
375.000000 96.715
400.000000 94.846
425.000000 94.116
450.000000 93.363
475.000000 92.733
500.000000 94.333
530.000000 94.589
560.000000 95.179
600.000000 97.479
630.000000 96.020
670.000000 95.265
710.000000 96.262
750.000000 95.649
800.000000 94.348
850.000000 94.516
900.000000 94.044
950.000000 96.140
1000.000000 98.101
1060.000000 95.947
1120.000000 94.514
1180.000000 94.611
1250.000000 94.595
1320.000000 95.129
1400.000000 95.573
1500.000000 96.303
1600.000000 96.043
1700.000000 95.305
1800.000000 93.809
1900.000000 92.404
2000.000000 93.095
2120.000000 94.714
2240.000000 94.433
2360.000000 93.321
2500.000000 93.429
2650.000000 95.465
2800.000000 95.986
3000.000000 95.583
3150.000000 95.829
3350.000000 94.624
3550.000000 95.064
3750.000000 95.363
4000.000000 95.408
4250.000000 94.772
4500.000000 95.051
4750.000000 94.830
5000.000000 95.011
5300.000000 94.708
5600.000000 94.769
6000.000000 94.923
6300.000000 94.870
6700.000000 94.793
7100.000000 95.082
7500.000000 95.029
8000.000000 94.716
8500.000000 94.841
9000.000000 94.714
9500.000000 94.658
10000.000000 94.595
10600.000000 94.883
11200.000000 94.871
11800.000000 94.860
12500.000000 94.502
13200.000000 93.935
14000.000000 93.426
15000.000000 93.389
16000.000000 93.297
17000.000000 93.218
18000.000000 93.310
19000.000000 93.372
20000.000000 93.253
