21.200001 66.611
22.400000 66.802
23.600000 66.918
25.000000 67.778
26.500000 66.804
28.000000 66.627
30.000000 71.022
31.500000 74.690
33.500000 78.854
35.500000 84.442
37.500000 90.869
40.000000 98.058
42.500000 102.358
45.000000 102.306
47.500000 99.038
50.000000 96.168
53.000000 94.555
56.000000 91.933
60.000000 87.759
63.000000 86.171
67.000000 86.317
71.000000 89.154
75.000000 92.886
80.000000 97.864
85.000000 100.585
90.000000 102.362
95.000000 101.529
100.000000 97.805
106.000000 93.722
112.000000 90.085
118.000000 91.821
125.000000 95.314
132.000000 97.246
140.000000 97.740
150.000000 97.634
160.000000 98.857
170.000000 102.005
180.000000 102.434
190.000000 99.765
200.000000 98.588
212.000000 96.478
224.000000 94.716
236.000000 96.310
250.000000 98.045
265.000000 99.816
280.000000 101.858
300.000000 101.785
315.000000 99.767
335.000000 96.542
355.000000 98.135
375.000000 96.785
400.000000 97.680
425.000000 98.361
450.000000 97.715
475.000000 97.117
500.000000 98.347
530.000000 101.185
560.000000 100.859
600.000000 98.257
630.000000 96.637
670.000000 98.763
710.000000 101.414
750.000000 101.998
800.000000 100.983
850.000000 101.896
900.000000 101.414
950.000000 99.405
1000.000000 98.340
1060.000000 97.459
1120.000000 97.706
1180.000000 98.681
1250.000000 97.386
1320.000000 97.312
1400.000000 96.003
1500.000000 94.965
1600.000000 96.049
1700.000000 97.798
1800.000000 96.824
1900.000000 96.505
2000.000000 96.203
2120.000000 95.402
2240.000000 94.457
2360.000000 96.149
2500.000000 97.318
2650.000000 97.148
2800.000000 95.860
3000.000000 96.655
3150.000000 97.219
3350.000000 96.112
3550.000000 96.888
3750.000000 96.958
4000.000000 96.890
4250.000000 96.901
4500.000000 97.605
4750.000000 98.635
5000.000000 98.179
5300.000000 97.878
5600.000000 97.916
6000.000000 97.886
6300.000000 98.024
6700.000000 98.148
7100.000000 98.509
7500.000000 98.176
8000.000000 97.269
8500.000000 97.285
9000.000000 97.281
9500.000000 96.935
10000.000000 96.919
10600.000000 97.046
11200.000000 97.031
11800.000000 96.720
12500.000000 95.864
13200.000000 94.732
14000.000000 93.679
15000.000000 93.393
16000.000000 93.488
17000.000000 93.595
18000.000000 93.613
19000.000000 93.191
