21.200001 63.137
22.400000 66.165
23.600000 68.609
25.000000 70.532
26.500000 70.697
28.000000 72.582
30.000000 76.581
31.500000 79.442
33.500000 83.082
35.500000 87.092
37.500000 92.043
40.000000 98.198
42.500000 101.786
45.000000 101.037
47.500000 96.850
50.000000 92.074
53.000000 88.239
56.000000 87.911
60.000000 92.990
63.000000 95.843
67.000000 95.378
71.000000 92.985
75.000000 96.145
80.000000 102.156
85.000000 104.696
90.000000 104.396
95.000000 101.501
100.000000 97.145
106.000000 97.020
112.000000 96.227
118.000000 95.011
125.000000 94.944
132.000000 97.121
140.000000 101.315
150.000000 103.233
160.000000 101.706
170.000000 102.137
180.000000 101.177
190.000000 98.564
200.000000 98.438
212.000000 94.311
224.000000 92.089
236.000000 97.666
250.000000 102.247
265.000000 103.119
280.000000 102.366
300.000000 97.337
315.000000 97.474
335.000000 101.493
355.000000 101.772
375.000000 99.178
400.000000 98.132
425.000000 98.860
450.000000 99.513
475.000000 102.491
500.000000 102.824
530.000000 101.137
560.000000 102.184
600.000000 99.828
630.000000 98.193
670.000000 95.979
710.000000 98.107
750.000000 98.851
800.000000 99.676
850.000000 101.277
900.000000 101.802
950.000000 100.949
1000.000000 99.070
1060.000000 98.441
1120.000000 98.333
1180.000000 98.219
1250.000000 98.419
1320.000000 98.466
1400.000000 99.227
1500.000000 98.657
1600.000000 96.834
1700.000000 96.747
1800.000000 97.974
1900.000000 99.423
2000.000000 99.554
2120.000000 97.958
2240.000000 97.596
2360.000000 98.493
2500.000000 97.879
2650.000000 98.107
2800.000000 98.835
3000.000000 97.298
3150.000000 97.421
3350.000000 97.929
3550.000000 98.353
3750.000000 97.906
4000.000000 97.891
4250.000000 97.718
4500.000000 98.815
4750.000000 99.705
5000.000000 99.754
5300.000000 99.788
5600.000000 99.802
6000.000000 99.773
6300.000000 99.610
6700.000000 99.569
7100.000000 99.969
7500.000000 99.868
8000.000000 99.088
8500.000000 98.826
9000.000000 98.776
9500.000000 98.969
10000.000000 99.089
10600.000000 99.410
11200.000000 99.270
11800.000000 98.955
12500.000000 98.257
13200.000000 97.148
14000.000000 95.834
15000.000000 95.468
16000.000000 96.000
17000.000000 96.400
18000.000000 96.567
19000.000000 96.274
