21.200001 64.386
22.400000 67.325
23.600000 70.432
25.000000 71.762
26.500000 72.259
28.000000 72.718
30.000000 75.413
31.500000 78.477
33.500000 82.235
35.500000 86.258
37.500000 91.279
40.000000 98.029
42.500000 102.245
45.000000 101.901
47.500000 98.107
50.000000 93.986
53.000000 91.268
56.000000 87.982
60.000000 86.456
63.000000 89.481
67.000000 89.964
71.000000 89.061
75.000000 89.296
80.000000 92.403
85.000000 95.029
90.000000 96.928
95.000000 96.108
100.000000 92.919
106.000000 91.204
112.000000 91.336
118.000000 92.939
125.000000 94.682
132.000000 93.734
140.000000 93.032
150.000000 98.779
160.000000 100.470
170.000000 97.846
180.000000 96.493
190.000000 97.950
200.000000 98.424
212.000000 99.413
224.000000 97.796
236.000000 96.201
250.000000 97.300
265.000000 99.158
280.000000 100.036
300.000000 97.181
315.000000 96.675
335.000000 96.940
355.000000 96.229
375.000000 97.267
400.000000 97.008
425.000000 97.453
450.000000 98.334
475.000000 99.325
500.000000 101.363
530.000000 101.334
560.000000 99.267
600.000000 98.841
630.000000 98.216
670.000000 98.649
710.000000 98.956
750.000000 98.587
800.000000 96.347
850.000000 97.720
900.000000 98.925
950.000000 98.408
1000.000000 96.989
1060.000000 97.209
1120.000000 98.693
1180.000000 98.286
1250.000000 96.876
1320.000000 94.735
1400.000000 95.579
1500.000000 96.195
1600.000000 97.051
1700.000000 96.599
1800.000000 96.368
1900.000000 95.426
2000.000000 94.967
2120.000000 95.516
2240.000000 96.803
2360.000000 97.182
2500.000000 95.600
2650.000000 95.840
2800.000000 97.537
3000.000000 96.607
3150.000000 95.664
3350.000000 96.791
3550.000000 95.202
3750.000000 95.885
4000.000000 95.819
4250.000000 96.783
4500.000000 97.327
4750.000000 98.055
5000.000000 97.471
5300.000000 97.667
5600.000000 97.944
6000.000000 98.174
6300.000000 97.955
6700.000000 97.475
7100.000000 97.843
7500.000000 97.999
8000.000000 97.795
8500.000000 97.735
9000.000000 97.569
9500.000000 97.341
10000.000000 96.919
10600.000000 96.880
11200.000000 96.409
11800.000000 95.908
12500.000000 95.354
13200.000000 94.859
14000.000000 94.231
15000.000000 94.055
16000.000000 94.089
17000.000000 93.940
18000.000000 93.424
19000.000000 92.123
