21.200001 64.789
22.400000 68.811
23.600000 72.112
25.000000 72.417
26.500000 72.151
28.000000 73.332
30.000000 76.522
31.500000 78.467
33.500000 81.629
35.500000 84.975
37.500000 88.991
40.000000 94.521
42.500000 97.864
45.000000 96.585
47.500000 91.608
50.000000 86.266
53.000000 85.058
56.000000 87.877
60.000000 93.441
63.000000 96.196
67.000000 95.826
71.000000 93.374
75.000000 96.155
80.000000 102.305
85.000000 104.564
90.000000 103.045
95.000000 99.257
100.000000 95.831
106.000000 95.768
112.000000 93.439
118.000000 90.449
125.000000 92.632
132.000000 96.960
140.000000 98.635
150.000000 97.396
160.000000 99.669
170.000000 100.424
180.000000 97.849
190.000000 96.096
200.000000 95.120
212.000000 93.556
224.000000 96.197
236.000000 100.253
250.000000 101.696
265.000000 99.637
280.000000 97.651
300.000000 96.686
315.000000 100.961
335.000000 102.405
355.000000 98.772
375.000000 97.666
400.000000 97.599
425.000000 97.508
450.000000 98.477
475.000000 98.946
500.000000 99.012
530.000000 98.560
560.000000 97.325
600.000000 95.976
630.000000 95.470
670.000000 95.754
710.000000 97.290
750.000000 100.197
800.000000 101.296
850.000000 99.632
900.000000 97.853
950.000000 97.555
1000.000000 95.710
1060.000000 95.150
1120.000000 96.238
1180.000000 97.194
1250.000000 97.586
1320.000000 96.517
1400.000000 95.149
1500.000000 96.661
1600.000000 98.408
1700.000000 98.314
1800.000000 97.104
1900.000000 96.654
2000.000000 97.998
2120.000000 98.152
2240.000000 96.448
2360.000000 97.112
2500.000000 97.291
2650.000000 97.551
2800.000000 98.142
3000.000000 96.769
3150.000000 96.653
3350.000000 96.575
3550.000000 96.605
3750.000000 96.850
4000.000000 96.959
4250.000000 97.215
4500.000000 97.933
4750.000000 98.483
5000.000000 98.718
5300.000000 99.015
5600.000000 99.414
6000.000000 99.649
6300.000000 99.306
6700.000000 99.022
7100.000000 99.120
7500.000000 99.147
8000.000000 98.728
8500.000000 99.017
9000.000000 99.090
9500.000000 98.955
10000.000000 98.559
10600.000000 98.495
11200.000000 98.342
11800.000000 98.282
12500.000000 97.994
13200.000000 97.282
14000.000000 96.054
15000.000000 95.374
16000.000000 95.827
17000.000000 96.251
18000.000000 96.399
19000.000000 95.979
20000.000000 95.427
