21.200001 65.962
22.400000 68.372
23.600000 69.528
25.000000 70.286
26.500000 72.277
28.000000 73.745
30.000000 77.287
31.500000 80.054
33.500000 83.173
35.500000 87.332
37.500000 92.510
40.000000 98.641
42.500000 101.996
45.000000 101.241
47.500000 97.301
50.000000 93.086
53.000000 89.418
56.000000 88.702
60.000000 93.600
63.000000 96.028
67.000000 94.891
71.000000 90.874
75.000000 93.029
80.000000 99.013
85.000000 101.806
90.000000 101.979
95.000000 99.300
100.000000 95.605
106.000000 96.781
112.000000 96.172
118.000000 94.668
125.000000 94.635
132.000000 94.394
140.000000 97.900
150.000000 101.167
160.000000 99.693
170.000000 97.649
180.000000 97.012
190.000000 96.872
200.000000 96.546
212.000000 93.914
224.000000 93.298
236.000000 94.991
250.000000 98.053
265.000000 98.811
280.000000 97.619
300.000000 96.880
315.000000 97.047
335.000000 100.942
355.000000 102.669
375.000000 100.342
400.000000 98.487
425.000000 99.442
450.000000 97.807
475.000000 97.083
500.000000 99.180
530.000000 100.961
560.000000 100.577
600.000000 99.652
630.000000 97.547
670.000000 95.496
710.000000 96.524
750.000000 98.020
800.000000 100.110
850.000000 100.831
900.000000 99.708
950.000000 99.037
1000.000000 98.046
1060.000000 97.695
1120.000000 96.760
1180.000000 95.260
1250.000000 96.064
1320.000000 97.041
1400.000000 98.368
1500.000000 97.876
1600.000000 97.135
1700.000000 96.144
1800.000000 97.103
1900.000000 98.232
2000.000000 98.767
2120.000000 97.476
2240.000000 96.297
2360.000000 97.584
2500.000000 97.814
2650.000000 97.125
2800.000000 97.829
3000.000000 97.206
3150.000000 97.085
3350.000000 97.680
3550.000000 96.891
3750.000000 97.149
4000.000000 97.208
4250.000000 97.495
4500.000000 98.516
4750.000000 99.118
5000.000000 99.176
5300.000000 98.927
5600.000000 98.957
6000.000000 99.325
6300.000000 99.227
6700.000000 98.514
7100.000000 98.647
7500.000000 98.814
8000.000000 99.028
8500.000000 99.316
9000.000000 99.211
9500.000000 98.988
10000.000000 98.476
10600.000000 98.198
11200.000000 97.927
11800.000000 97.707
12500.000000 97.168
13200.000000 96.447
14000.000000 95.640
15000.000000 95.428
16000.000000 95.901
17000.000000 96.162
18000.000000 96.226
19000.000000 95.857
