21.200001 65.812
22.400000 68.750
23.600000 67.467
25.000000 64.790
26.500000 66.828
28.000000 69.140
30.000000 73.055
31.500000 77.269
33.500000 81.046
35.500000 84.154
37.500000 87.213
40.000000 90.892
42.500000 94.592
45.000000 95.518
47.500000 94.288
50.000000 93.831
53.000000 93.554
56.000000 91.002
60.000000 89.090
63.000000 91.858
67.000000 92.698
71.000000 92.103
75.000000 90.611
80.000000 89.240
85.000000 89.494
90.000000 91.551
95.000000 92.012
100.000000 90.869
106.000000 91.912
112.000000 93.220
118.000000 94.282
125.000000 94.963
132.000000 92.730
140.000000 89.578
150.000000 93.825
160.000000 95.583
170.000000 93.505
180.000000 93.635
190.000000 96.364
200.000000 97.193
212.000000 98.619
224.000000 96.761
236.000000 94.384
250.000000 93.974
265.000000 95.419
280.000000 96.898
300.000000 95.540
315.000000 95.018
335.000000 94.111
355.000000 93.681
375.000000 94.557
400.000000 93.558
425.000000 94.036
450.000000 94.644
475.000000 94.908
500.000000 96.461
530.000000 96.707
560.000000 94.918
600.000000 94.764
630.000000 95.409
670.000000 96.735
710.000000 96.067
750.000000 94.967
800.000000 92.417
850.000000 93.274
900.000000 94.799
950.000000 95.102
1000.000000 94.285
1060.000000 94.594
1120.000000 96.075
1180.000000 96.071
1250.000000 95.667
1320.000000 93.729
1400.000000 94.634
1500.000000 94.682
1600.000000 95.607
1700.000000 94.596
1800.000000 94.079
1900.000000 93.015
2000.000000 92.356
2120.000000 93.434
2240.000000 94.819
2360.000000 95.054
2500.000000 93.132
2650.000000 93.790
2800.000000 95.250
3000.000000 94.319
3150.000000 93.938
3350.000000 94.960
3550.000000 93.977
3750.000000 94.429
4000.000000 93.979
4250.000000 94.708
4500.000000 94.869
4750.000000 95.395
5000.000000 94.733
5300.000000 94.037
5600.000000 94.103
6000.000000 94.166
6300.000000 93.784
6700.000000 93.482
7100.000000 93.983
7500.000000 94.211
8000.000000 94.205
8500.000000 94.316
9000.000000 94.101
9500.000000 93.964
10000.000000 93.805
10600.000000 93.950
11200.000000 93.650
11800.000000 93.297
12500.000000 93.016
13200.000000 92.996
14000.000000 93.083
15000.000000 93.215
16000.000000 92.733
17000.000000 92.141
18000.000000 91.603
19000.000000 90.725
20000.000000 90.041
