21.200001 68.677
22.400000 71.010
23.600000 69.035
25.000000 67.160
26.500000 70.305
28.000000 72.858
30.000000 75.922
31.500000 76.904
33.500000 80.117
35.500000 84.229
37.500000 88.692
40.000000 93.473
42.500000 95.958
45.000000 96.257
47.500000 95.357
50.000000 95.723
53.000000 95.121
56.000000 93.286
60.000000 92.866
63.000000 93.562
67.000000 92.482
71.000000 89.466
75.000000 86.677
80.000000 86.649
85.000000 88.727
90.000000 91.515
95.000000 91.674
100.000000 89.939
106.000000 92.097
112.000000 93.964
118.000000 94.704
125.000000 95.669
132.000000 94.160
140.000000 90.152
150.000000 93.289
160.000000 95.282
170.000000 92.792
180.000000 93.410
190.000000 96.107
200.000000 97.425
212.000000 98.985
224.000000 97.310
236.000000 94.625
250.000000 91.915
265.000000 90.104
280.000000 91.838
300.000000 91.806
315.000000 92.411
335.000000 92.955
355.000000 94.998
375.000000 95.942
400.000000 95.920
425.000000 95.511
450.000000 94.498
475.000000 94.672
500.000000 97.444
530.000000 97.492
560.000000 93.216
600.000000 94.560
630.000000 96.998
670.000000 97.802
710.000000 95.732
750.000000 94.264
800.000000 92.461
850.000000 92.774
900.000000 93.422
950.000000 93.396
1000.000000 93.634
1060.000000 94.662
1120.000000 95.830
1180.000000 95.195
1250.000000 94.123
1320.000000 93.596
1400.000000 94.036
1500.000000 94.910
1600.000000 95.877
1700.000000 95.179
1800.000000 94.789
1900.000000 93.838
2000.000000 93.259
2120.000000 93.827
2240.000000 94.505
2360.000000 94.416
2500.000000 93.573
2650.000000 94.686
2800.000000 95.813
3000.000000 94.736
3150.000000 95.116
3350.000000 95.790
3550.000000 94.669
3750.000000 94.951
4000.000000 94.444
4250.000000 94.942
4500.000000 94.792
4750.000000 95.442
5000.000000 95.062
5300.000000 94.504
5600.000000 94.694
6000.000000 94.860
6300.000000 94.123
6700.000000 94.037
7100.000000 94.552
7500.000000 94.638
8000.000000 94.727
8500.000000 94.723
9000.000000 94.611
9500.000000 94.416
10000.000000 94.230
10600.000000 94.278
11200.000000 93.996
11800.000000 93.672
12500.000000 93.312
13200.000000 93.148
14000.000000 93.272
15000.000000 93.563
16000.000000 93.298
17000.000000 92.898
18000.000000 92.715
19000.000000 92.478
20000.000000 92.114
