21.200001 63.196
22.400000 67.589
23.600000 69.765
25.000000 70.340
26.500000 71.245
28.000000 73.721
30.000000 77.491
31.500000 79.654
33.500000 81.988
35.500000 84.497
37.500000 87.464
40.000000 91.016
42.500000 92.565
45.000000 91.824
47.500000 90.162
50.000000 90.390
53.000000 91.545
56.000000 94.063
60.000000 98.439
63.000000 100.241
67.000000 99.766
71.000000 97.373
75.000000 97.814
80.000000 100.555
85.000000 100.968
90.000000 98.815
95.000000 96.390
100.000000 96.415
106.000000 98.156
112.000000 96.437
118.000000 93.575
125.000000 92.912
132.000000 94.833
140.000000 96.175
150.000000 94.921
160.000000 97.319
170.000000 98.283
180.000000 96.600
190.000000 97.221
200.000000 97.544
212.000000 96.258
224.000000 96.376
236.000000 98.101
250.000000 99.338
265.000000 97.910
280.000000 96.304
300.000000 98.181
315.000000 101.592
335.000000 102.449
355.000000 99.020
375.000000 97.854
400.000000 98.008
425.000000 96.297
450.000000 94.692
475.000000 95.033
500.000000 95.752
530.000000 94.295
560.000000 93.319
600.000000 95.462
630.000000 95.658
670.000000 95.421
710.000000 95.903
750.000000 97.848
800.000000 98.487
850.000000 97.841
900.000000 96.411
950.000000 96.487
1000.000000 95.175
1060.000000 94.430
1120.000000 95.487
1180.000000 97.183
1250.000000 98.309
1320.000000 97.663
1400.000000 96.779
1500.000000 97.407
1600.000000 97.926
1700.000000 97.419
1800.000000 96.237
1900.000000 96.140
2000.000000 97.632
2120.000000 98.041
2240.000000 96.082
2360.000000 96.682
2500.000000 96.758
2650.000000 96.992
2800.000000 97.463
3000.000000 96.811
3150.000000 96.618
3350.000000 96.407
3550.000000 96.693
3750.000000 97.072
4000.000000 97.324
4250.000000 97.214
4500.000000 96.953
4750.000000 97.075
5000.000000 97.254
5300.000000 97.239
5600.000000 97.295
6000.000000 97.450
6300.000000 97.038
6700.000000 96.463
7100.000000 96.794
7500.000000 96.821
8000.000000 96.701
8500.000000 97.261
9000.000000 97.496
9500.000000 97.460
10000.000000 97.208
10600.000000 97.312
11200.000000 97.297
11800.000000 97.444
12500.000000 97.378
13200.000000 97.044
14000.000000 96.653
15000.000000 96.499
16000.000000 96.523
17000.000000 96.622
18000.000000 96.884
19000.000000 97.057
20000.000000 97.081
