21.200001 68.392
22.400000 69.024
23.600000 67.978
25.000000 68.427
26.500000 70.251
28.000000 70.588
30.000000 74.378
31.500000 78.115
33.500000 82.401
35.500000 86.736
37.500000 91.798
40.000000 98.457
42.500000 102.485
45.000000 102.103
47.500000 98.425
50.000000 94.657
53.000000 91.962
56.000000 88.876
60.000000 87.128
63.000000 89.491
67.000000 90.008
71.000000 90.368
75.000000 93.769
80.000000 99.141
85.000000 101.898
90.000000 102.937
95.000000 101.151
100.000000 96.359
106.000000 92.778
112.000000 92.879
118.000000 95.044
125.000000 96.590
132.000000 95.094
140.000000 97.060
150.000000 103.130
160.000000 103.490
170.000000 100.076
180.000000 98.140
190.000000 97.710
200.000000 99.113
212.000000 97.321
224.000000 95.770
236.000000 97.688
250.000000 97.462
265.000000 99.127
280.000000 100.577
300.000000 97.008
315.000000 95.341
335.000000 96.467
355.000000 97.706
375.000000 97.952
400.000000 96.611
425.000000 96.765
450.000000 97.423
475.000000 98.654
500.000000 99.905
530.000000 99.280
560.000000 100.391
600.000000 101.695
630.000000 99.593
670.000000 98.279
710.000000 100.967
750.000000 100.121
800.000000 98.493
850.000000 99.085
900.000000 97.743
950.000000 98.880
1000.000000 100.646
1060.000000 98.469
1120.000000 97.672
1180.000000 97.965
1250.000000 97.181
1320.000000 95.285
1400.000000 94.567
1500.000000 96.613
1600.000000 98.155
1700.000000 97.470
1800.000000 96.015
1900.000000 94.785
2000.000000 95.433
2120.000000 97.508
2240.000000 97.867
2360.000000 97.018
2500.000000 96.213
2650.000000 97.135
2800.000000 97.980
3000.000000 96.377
3150.000000 97.255
3350.000000 96.881
3550.000000 96.683
3750.000000 96.764
4000.000000 96.452
4250.000000 97.536
4500.000000 97.947
4750.000000 98.075
5000.000000 98.205
5300.000000 97.990
5600.000000 98.418
6000.000000 98.959
6300.000000 98.670
6700.000000 98.548
7100.000000 98.738
7500.000000 98.814
8000.000000 98.165
8500.000000 97.822
9000.000000 97.849
9500.000000 97.817
10000.000000 97.570
10600.000000 97.574
11200.000000 97.283
11800.000000 97.049
12500.000000 96.647
13200.000000 95.919
14000.000000 94.669
15000.000000 94.062
16000.000000 94.397
17000.000000 94.612
18000.000000 94.577
19000.000000 94.063
