21.200001 69.140
22.400000 72.521
23.600000 72.251
25.000000 71.074
26.500000 72.265
28.000000 74.244
30.000000 76.869
31.500000 78.679
33.500000 81.195
35.500000 84.430
37.500000 87.010
40.000000 90.254
42.500000 92.208
45.000000 91.335
47.500000 88.738
50.000000 88.051
53.000000 90.098
56.000000 93.671
60.000000 98.323
63.000000 100.381
67.000000 100.065
71.000000 97.768
75.000000 97.912
80.000000 100.868
85.000000 101.379
90.000000 99.196
95.000000 96.695
100.000000 96.429
106.000000 98.100
112.000000 96.416
118.000000 93.354
125.000000 93.528
132.000000 96.452
140.000000 97.322
150.000000 94.847
160.000000 97.215
170.000000 98.728
180.000000 96.614
190.000000 95.589
200.000000 95.324
212.000000 94.999
224.000000 97.211
236.000000 100.236
250.000000 101.165
265.000000 98.719
280.000000 96.786
300.000000 97.146
315.000000 101.315
335.000000 102.339
355.000000 98.351
375.000000 96.805
400.000000 96.428
425.000000 96.086
450.000000 96.620
475.000000 96.533
500.000000 95.544
530.000000 95.111
560.000000 94.603
600.000000 94.531
630.000000 94.886
670.000000 95.251
710.000000 95.709
750.000000 98.176
800.000000 98.916
850.000000 96.889
900.000000 95.252
950.000000 95.320
1000.000000 94.207
1060.000000 94.604
1120.000000 95.883
1180.000000 97.061
1250.000000 97.917
1320.000000 97.316
1400.000000 95.791
1500.000000 96.987
1600.000000 98.323
1700.000000 98.124
1800.000000 96.916
1900.000000 96.448
2000.000000 97.731
2120.000000 97.607
2240.000000 95.638
2360.000000 96.392
2500.000000 96.685
2650.000000 97.263
2800.000000 97.963
3000.000000 96.404
3150.000000 96.209
3350.000000 96.498
3550.000000 96.834
3750.000000 97.005
4000.000000 97.098
4250.000000 97.244
4500.000000 97.514
4750.000000 97.368
5000.000000 97.195
5300.000000 97.156
5600.000000 97.325
6000.000000 97.505
6300.000000 97.133
6700.000000 96.846
7100.000000 97.131
7500.000000 97.101
8000.000000 96.819
8500.000000 97.302
9000.000000 97.565
9500.000000 97.564
10000.000000 97.368
10600.000000 97.547
11200.000000 97.554
11800.000000 97.698
12500.000000 97.655
13200.000000 97.355
14000.000000 96.894
15000.000000 96.543
16000.000000 96.359
17000.000000 96.445
18000.000000 96.613
19000.000000 96.573
20000.000000 96.388
