21.200001 64.339
22.400000 65.087
23.600000 66.929
25.000000 68.502
26.500000 69.818
28.000000 71.419
30.000000 75.599
31.500000 78.524
33.500000 81.660
35.500000 84.614
37.500000 87.678
40.000000 91.947
42.500000 94.462
45.000000 94.079
47.500000 91.749
50.000000 89.548
53.000000 87.854
56.000000 90.252
60.000000 95.649
63.000000 98.237
67.000000 97.838
71.000000 94.509
75.000000 93.428
80.000000 95.948
85.000000 96.914
90.000000 96.323
95.000000 94.859
100.000000 94.501
106.000000 97.302
112.000000 96.851
118.000000 95.084
125.000000 93.628
132.000000 93.145
140.000000 96.470
150.000000 97.197
160.000000 95.200
170.000000 93.797
180.000000 92.943
190.000000 93.360
200.000000 93.565
212.000000 93.071
224.000000 93.064
236.000000 91.279
250.000000 91.127
265.000000 93.457
280.000000 96.837
300.000000 97.583
315.000000 96.070
335.000000 96.914
355.000000 98.576
375.000000 96.889
400.000000 96.396
425.000000 97.635
450.000000 95.802
475.000000 94.784
500.000000 94.152
530.000000 96.103
560.000000 96.831
600.000000 95.445
630.000000 93.461
670.000000 92.946
710.000000 92.373
750.000000 91.876
800.000000 93.628
850.000000 94.938
900.000000 96.003
950.000000 97.024
1000.000000 96.550
1060.000000 94.677
1120.000000 93.399
1180.000000 92.706
1250.000000 94.612
1320.000000 96.385
1400.000000 97.296
1500.000000 96.701
1600.000000 95.014
1700.000000 94.255
1800.000000 94.691
1900.000000 95.653
2000.000000 96.330
2120.000000 95.194
2240.000000 94.212
2360.000000 95.865
2500.000000 95.484
2650.000000 94.965
2800.000000 96.451
3000.000000 95.915
3150.000000 95.429
3350.000000 95.268
3550.000000 95.317
3750.000000 95.632
4000.000000 95.501
4250.000000 95.512
4500.000000 96.051
4750.000000 95.946
5000.000000 95.898
5300.000000 95.284
5600.000000 95.168
6000.000000 95.351
6300.000000 94.965
6700.000000 94.442
7100.000000 94.758
7500.000000 94.887
8000.000000 95.183
8500.000000 95.698
9000.000000 95.625
9500.000000 95.444
10000.000000 95.075
10600.000000 95.126
11200.000000 95.159
11800.000000 95.012
12500.000000 94.733
13200.000000 94.526
14000.000000 94.606
15000.000000 94.555
16000.000000 94.140
17000.000000 93.912
18000.000000 93.676
19000.000000 93.146
20000.000000 92.658
