21.200001 61.263
22.400000 63.097
23.600000 64.673
25.000000 67.824
26.500000 68.909
28.000000 70.856
30.000000 75.105
31.500000 77.635
33.500000 81.842
35.500000 86.586
37.500000 92.246
40.000000 98.932
42.500000 102.857
45.000000 102.475
47.500000 98.794
50.000000 95.228
53.000000 92.629
56.000000 89.728
60.000000 88.343
63.000000 89.729
67.000000 89.537
71.000000 89.216
75.000000 92.956
80.000000 98.657
85.000000 101.516
90.000000 102.653
95.000000 100.919
100.000000 96.071
106.000000 92.578
112.000000 92.970
118.000000 95.235
125.000000 97.026
132.000000 95.532
140.000000 96.317
150.000000 102.854
160.000000 103.401
170.000000 100.288
180.000000 98.239
190.000000 96.988
200.000000 98.275
212.000000 96.035
224.000000 93.866
236.000000 93.388
250.000000 95.184
265.000000 98.560
280.000000 99.267
300.000000 95.531
315.000000 95.119
335.000000 97.119
355.000000 99.043
375.000000 99.244
400.000000 97.685
425.000000 97.793
450.000000 97.390
475.000000 97.201
500.000000 98.869
530.000000 99.041
560.000000 100.067
600.000000 102.126
630.000000 100.185
670.000000 98.143
710.000000 100.039
750.000000 100.414
800.000000 98.840
850.000000 98.143
900.000000 96.894
950.000000 98.010
1000.000000 100.374
1060.000000 98.673
1120.000000 96.669
1180.000000 96.834
1250.000000 96.410
1320.000000 95.458
1400.000000 94.801
1500.000000 96.808
1600.000000 98.016
1700.000000 97.317
1800.000000 96.800
1900.000000 95.977
2000.000000 96.380
2120.000000 97.646
2240.000000 97.406
2360.000000 96.006
2500.000000 95.117
2650.000000 97.129
2800.000000 98.308
3000.000000 96.638
3150.000000 97.332
3350.000000 97.302
3550.000000 96.925
3750.000000 96.786
4000.000000 96.792
4250.000000 97.726
4500.000000 98.275
4750.000000 98.282
5000.000000 98.109
5300.000000 98.187
5600.000000 98.469
6000.000000 98.943
6300.000000 98.668
6700.000000 98.558
7100.000000 98.843
7500.000000 98.985
8000.000000 98.253
8500.000000 97.944
9000.000000 97.996
9500.000000 98.007
10000.000000 97.781
10600.000000 97.754
11200.000000 97.503
11800.000000 97.257
12500.000000 96.675
13200.000000 95.858
14000.000000 94.584
15000.000000 94.092
16000.000000 94.590
17000.000000 94.809
18000.000000 94.902
19000.000000 94.599
