21.200001 59.707
22.400000 63.643
23.600000 65.376
25.000000 63.536
26.500000 62.466
28.000000 66.197
30.000000 70.330
31.500000 74.342
33.500000 78.857
35.500000 82.896
37.500000 87.136
40.000000 92.385
42.500000 95.551
45.000000 96.246
47.500000 95.778
50.000000 96.936
53.000000 97.457
56.000000 95.927
60.000000 92.611
63.000000 90.526
67.000000 90.016
71.000000 90.293
75.000000 89.371
80.000000 89.843
85.000000 91.169
90.000000 94.216
95.000000 95.275
100.000000 94.188
106.000000 93.165
112.000000 90.203
118.000000 90.447
125.000000 92.818
132.000000 93.829
140.000000 93.411
150.000000 91.748
160.000000 92.120
170.000000 93.401
180.000000 94.139
190.000000 91.640
200.000000 92.086
212.000000 95.963
224.000000 96.763
236.000000 95.889
250.000000 94.928
265.000000 92.991
280.000000 93.346
300.000000 93.039
315.000000 92.078
335.000000 88.763
355.000000 90.153
375.000000 93.732
400.000000 95.919
425.000000 94.814
450.000000 95.348
475.000000 93.721
500.000000 94.347
530.000000 94.928
560.000000 94.128
600.000000 97.289
630.000000 98.900
670.000000 99.316
710.000000 96.717
750.000000 96.433
800.000000 95.252
850.000000 95.698
900.000000 96.019
950.000000 94.718
1000.000000 93.893
1060.000000 93.084
1120.000000 93.583
1180.000000 95.629
1250.000000 96.108
1320.000000 96.047
1400.000000 94.818
1500.000000 93.165
1600.000000 91.811
1700.000000 92.373
1800.000000 93.119
1900.000000 93.378
2000.000000 93.746
2120.000000 93.109
2240.000000 91.857
2360.000000 92.106
2500.000000 93.979
2650.000000 94.527
2800.000000 93.648
3000.000000 94.155
3150.000000 94.602
3350.000000 93.685
3550.000000 94.145
3750.000000 93.559
4000.000000 94.044
4250.000000 94.657
4500.000000 94.200
4750.000000 93.972
5000.000000 93.346
5300.000000 93.221
5600.000000 93.506
6000.000000 93.726
6300.000000 93.826
6700.000000 93.392
7100.000000 93.582
7500.000000 93.429
8000.000000 93.153
8500.000000 93.837
9000.000000 94.058
9500.000000 93.896
10000.000000 93.685
10600.000000 93.395
11200.000000 93.201
11800.000000 93.123
12500.000000 93.061
13200.000000 93.083
14000.000000 92.727
15000.000000 92.599
16000.000000 92.291
17000.000000 92.033
18000.000000 91.978
19000.000000 91.944
20000.000000 91.848
