21.200001 58.564
22.400000 57.506
23.600000 57.916
25.000000 60.929
26.500000 63.581
28.000000 66.437
30.000000 71.564
31.500000 75.478
33.500000 79.896
35.500000 85.237
37.500000 91.575
40.000000 98.704
42.500000 102.842
45.000000 102.692
47.500000 99.316
50.000000 96.495
53.000000 94.797
56.000000 92.259
60.000000 88.797
63.000000 87.440
67.000000 87.092
71.000000 87.226
75.000000 88.640
80.000000 93.190
85.000000 96.393
90.000000 99.057
95.000000 98.785
100.000000 95.758
106.000000 92.967
112.000000 89.465
118.000000 90.139
125.000000 93.878
132.000000 95.993
140.000000 96.602
150.000000 96.056
160.000000 96.055
170.000000 97.181
180.000000 97.709
190.000000 94.589
200.000000 93.077
212.000000 96.399
224.000000 98.040
236.000000 97.845
250.000000 97.911
265.000000 96.917
280.000000 96.742
300.000000 94.121
315.000000 93.172
335.000000 91.760
355.000000 94.276
375.000000 97.205
400.000000 99.234
425.000000 98.691
450.000000 99.645
475.000000 98.610
500.000000 99.730
530.000000 99.759
560.000000 98.393
600.000000 100.221
630.000000 101.080
670.000000 101.439
710.000000 99.820
750.000000 100.495
800.000000 99.797
850.000000 100.793
900.000000 100.579
950.000000 98.160
1000.000000 96.646
1060.000000 95.245
1120.000000 95.489
1180.000000 97.253
1250.000000 97.745
1320.000000 97.092
1400.000000 94.841
1500.000000 93.618
1600.000000 93.553
1700.000000 94.240
1800.000000 95.071
1900.000000 95.683
2000.000000 96.237
2120.000000 95.951
2240.000000 94.543
2360.000000 94.492
2500.000000 96.213
2650.000000 97.120
2800.000000 96.608
3000.000000 96.421
3150.000000 96.737
3350.000000 96.413
3550.000000 96.121
3750.000000 95.863
4000.000000 95.596
4250.000000 96.758
4500.000000 96.710
4750.000000 97.096
5000.000000 96.736
5300.000000 96.982
5600.000000 97.548
6000.000000 97.816
6300.000000 97.762
6700.000000 97.200
7100.000000 97.410
7500.000000 97.291
8000.000000 96.853
8500.000000 97.414
9000.000000 97.501
9500.000000 97.211
10000.000000 96.803
10600.000000 96.462
11200.000000 96.216
11800.000000 95.971
12500.000000 95.398
13200.000000 94.797
14000.000000 93.923
15000.000000 93.504
16000.000000 93.605
17000.000000 93.628
18000.000000 93.545
19000.000000 93.066
