21.200001 60.612
22.400000 63.340
23.600000 64.301
25.000000 67.486
26.500000 69.752
28.000000 71.517
30.000000 75.043
31.500000 78.213
33.500000 81.432
35.500000 84.757
37.500000 88.673
40.000000 92.874
42.500000 94.949
45.000000 94.843
47.500000 93.472
50.000000 92.924
53.000000 91.518
56.000000 92.002
60.000000 96.399
63.000000 98.300
67.000000 97.239
71.000000 93.210
75.000000 92.778
80.000000 95.450
85.000000 96.391
90.000000 96.171
95.000000 94.627
100.000000 94.059
106.000000 97.393
112.000000 97.426
118.000000 95.775
125.000000 94.605
132.000000 92.442
140.000000 94.411
150.000000 96.742
160.000000 95.261
170.000000 93.636
180.000000 93.977
190.000000 95.283
200.000000 95.735
212.000000 92.744
224.000000 91.728
236.000000 92.821
250.000000 95.124
265.000000 95.276
280.000000 94.896
300.000000 95.977
315.000000 95.976
335.000000 99.169
355.000000 100.431
375.000000 97.812
400.000000 95.643
425.000000 96.349
450.000000 94.422
475.000000 92.349
500.000000 93.680
530.000000 95.698
560.000000 96.057
600.000000 96.074
630.000000 94.030
670.000000 92.745
710.000000 92.986
750.000000 93.633
800.000000 95.639
850.000000 96.640
900.000000 95.494
950.000000 95.319
1000.000000 94.786
1060.000000 94.772
1120.000000 94.212
1180.000000 93.346
1250.000000 95.366
1320.000000 96.602
1400.000000 97.890
1500.000000 96.704
1600.000000 95.241
1700.000000 94.320
1800.000000 95.356
1900.000000 96.140
2000.000000 96.432
2120.000000 94.978
2240.000000 94.071
2360.000000 95.731
2500.000000 95.703
2650.000000 95.005
2800.000000 96.061
3000.000000 94.969
3150.000000 95.130
3350.000000 95.914
3550.000000 95.476
3750.000000 95.644
4000.000000 95.603
4250.000000 95.396
4500.000000 95.900
4750.000000 96.122
5000.000000 95.867
5300.000000 95.414
5600.000000 95.238
6000.000000 95.426
6300.000000 95.066
6700.000000 94.554
7100.000000 94.684
7500.000000 94.857
8000.000000 95.212
8500.000000 95.762
9000.000000 95.752
9500.000000 95.573
10000.000000 95.246
10600.000000 95.200
11200.000000 95.112
11800.000000 95.029
12500.000000 94.700
13200.000000 94.434
14000.000000 94.455
15000.000000 94.579
16000.000000 94.472
17000.000000 94.355
18000.000000 94.437
19000.000000 94.463
20000.000000 94.326
