21.200001 66.166
22.400000 69.908
23.600000 70.661
25.000000 70.150
26.500000 71.961
28.000000 74.372
30.000000 76.921
31.500000 79.330
33.500000 82.767
35.500000 86.602
37.500000 91.428
40.000000 97.746
42.500000 101.563
45.000000 100.794
47.500000 96.380
50.000000 90.775
53.000000 85.696
56.000000 86.947
60.000000 93.339
63.000000 96.329
67.000000 95.581
71.000000 91.863
75.000000 93.347
80.000000 99.470
85.000000 102.202
90.000000 102.119
95.000000 99.470
100.000000 95.906
106.000000 96.611
112.000000 95.686
118.000000 94.076
125.000000 93.824
132.000000 95.634
140.000000 100.076
150.000000 102.225
160.000000 100.430
170.000000 97.275
180.000000 95.748
190.000000 96.179
200.000000 96.269
212.000000 94.058
224.000000 94.727
236.000000 93.932
250.000000 94.982
265.000000 96.997
280.000000 99.703
300.000000 99.411
315.000000 96.965
335.000000 98.902
355.000000 101.232
375.000000 100.070
400.000000 99.280
425.000000 100.523
450.000000 98.914
475.000000 98.613
500.000000 98.854
530.000000 100.955
560.000000 101.185
600.000000 99.018
630.000000 96.788
670.000000 95.169
710.000000 94.620
750.000000 95.575
800.000000 97.758
850.000000 98.935
900.000000 100.013
950.000000 100.714
1000.000000 99.496
1060.000000 97.203
1120.000000 95.655
1180.000000 94.575
1250.000000 95.672
1320.000000 96.960
1400.000000 97.968
1500.000000 97.951
1600.000000 96.999
1700.000000 96.192
1800.000000 96.191
1900.000000 97.554
2000.000000 98.439
2120.000000 97.262
2240.000000 96.210
2360.000000 97.556
2500.000000 97.502
2650.000000 96.763
2800.000000 98.146
3000.000000 98.134
3150.000000 97.625
3350.000000 97.527
3550.000000 96.936
3750.000000 97.569
4000.000000 97.394
4250.000000 97.820
4500.000000 98.583
4750.000000 98.717
5000.000000 98.911
5300.000000 98.672
5600.000000 98.982
6000.000000 99.539
6300.000000 99.317
6700.000000 98.725
7100.000000 98.844
7500.000000 98.977
8000.000000 99.030
8500.000000 99.178
9000.000000 99.030
9500.000000 98.742
10000.000000 98.228
10600.000000 98.102
11200.000000 97.828
11800.000000 97.475
12500.000000 96.925
13200.000000 96.385
14000.000000 95.731
15000.000000 95.278
16000.000000 95.533
17000.000000 95.710
18000.000000 95.494
19000.000000 94.583
