21.200001 63.435
22.400000 61.962
23.600000 66.048
25.000000 68.062
26.500000 65.042
28.000000 64.287
30.000000 70.794
31.500000 75.404
33.500000 79.470
35.500000 83.126
37.500000 86.740
40.000000 91.858
42.500000 95.214
45.000000 96.112
47.500000 95.745
50.000000 96.826
53.000000 97.369
56.000000 95.724
60.000000 91.848
63.000000 89.280
67.000000 89.037
71.000000 91.789
75.000000 93.181
80.000000 94.638
85.000000 95.346
90.000000 97.090
95.000000 97.580
100.000000 95.766
106.000000 93.706
112.000000 90.764
118.000000 91.883
125.000000 94.154
132.000000 95.021
140.000000 94.676
150.000000 92.952
160.000000 94.502
170.000000 98.921
180.000000 99.641
190.000000 97.820
200.000000 97.532
212.000000 95.664
224.000000 93.649
236.000000 93.882
250.000000 94.896
265.000000 96.367
280.000000 99.253
300.000000 100.643
315.000000 99.021
335.000000 95.486
355.000000 96.676
375.000000 94.429
400.000000 94.410
425.000000 95.476
450.000000 94.318
475.000000 92.587
500.000000 93.271
530.000000 96.320
560.000000 96.282
600.000000 94.396
630.000000 93.729
670.000000 96.089
710.000000 98.199
750.000000 98.396
800.000000 97.355
850.000000 97.835
900.000000 97.210
950.000000 95.773
1000.000000 95.264
1060.000000 94.734
1120.000000 95.319
1180.000000 96.613
1250.000000 95.981
1320.000000 96.457
1400.000000 94.864
1500.000000 92.696
1600.000000 93.876
1700.000000 95.318
1800.000000 94.168
1900.000000 94.078
2000.000000 93.678
2120.000000 92.692
2240.000000 92.502
2360.000000 93.796
2500.000000 94.417
2650.000000 94.599
2800.000000 93.097
3000.000000 95.042
3150.000000 95.153
3350.000000 93.977
3550.000000 95.399
3750.000000 94.979
4000.000000 95.197
4250.000000 94.777
4500.000000 94.820
4750.000000 94.680
5000.000000 93.924
5300.000000 93.456
5600.000000 94.026
6000.000000 94.097
6300.000000 93.668
6700.000000 93.519
7100.000000 94.010
7500.000000 93.681
8000.000000 93.035
8500.000000 93.290
9000.000000 93.334
9500.000000 93.407
10000.000000 93.741
10600.000000 94.170
11200.000000 94.269
11800.000000 94.068
12500.000000 93.508
13200.000000 92.969
14000.000000 92.676
15000.000000 92.896
16000.000000 92.350
17000.000000 91.906
18000.000000 91.825
19000.000000 91.755
20000.000000 91.650
