1 -1.998757904270166 0.99876617176684646 0.99962868381684811 -1.998757904270166 0.99913748794999835
1 -1.9933835657462542 0.99346866091717934 0.99803441691968331 -1.9933835657462542 0.99543424399749614
1 -1.9994473009934504 0.99944933425937699 0.99983427911964862 -1.9994473009934504 0.99961505513972837
1 -1.9962959953605965 0.99632201125105191 0.99889312247261153 -1.9962959953605965 0.99742888877844027
1 -1.9667700220966966 0.96738122099665547 0.99018349540629347 -1.9667700220966966 0.97719772559036211
1 -1.9987031571563103 0.99874720916022741 0.99962297708837233 -1.9987031571563103 0.99912423207185508
1 -1.9994473009934504 0.99944933425937699 0.99983427911964862 -1.9994473009934504 0.99961505513972837
1 -1.9989096772474642 0.99891794537192569 0.99967435953914652 -1.9989096772474642 0.99924358583277939
1 -1.9935606679543771 0.9938274355427168 0.99814238885693241 -1.9935606679543771 0.99568504668578439
1 -1.5677599795548158 0.9535073950396733 1.0351457693025266 -1.5677599795548158 0.91836162573714675
1 -1.9944430302475082 0.99452817064571153 0.99835417212878996 -1.9944430302475082 0.99617399851692168
1 -1.9989025871605102 0.99892851486268097 0.99971336920700238 -1.9989025871605102 0.99921514565567848
1 -1.9987784486991735 0.99884658919936109 1.0005734923402387 -1.9987784486991735 0.99827309685912247
1 -1.999649955646126 0.99967101985601947 1.0001555996735465 -1.999649955646126 0.99951542018247275
1 -1.9764673303520699 0.9770815428144034 0.99457522392613384 -1.9764673303520699 0.98250631888826967
1 -1.9979643308838555 0.99833306337032768 1.0008016995679827 -1.9979643308838555 0.99753136380234497
1 -1.8799233053272466 0.91961002977969841 0.98116367070619315 -1.8799233053272466 0.93844635907350515
1 -1.9998398279474412 0.99984364353116162 1.0000545317014353 -1.9998398279474412 0.99978911182972607
1 -1.9945376982691552 0.99654388514154557 1.0011678444024539 -1.9945376982691552 0.99537604073909169
1 -1.9983647474117472 0.99850455290638795 0.99971934771563775 -1.9983647474117472 0.9987852051907502
1 -1.9986354729652249 0.99881041463990794 1.000362386663765 -1.9986354729652249 0.99844802797614318
1 -1.9846799302964144 0.98959420683284838 0.99809045308682076 -1.9846799302964144 0.99150375374602751
1 -1.9907124793838769 0.99484814028766322 1.0016742184296097 -1.9907124793838769 0.99317392185805353
1 -1.9894675794319163 0.99272261101555981 0.99858774875371903 -1.9894675794319163 0.99413486226184089
1 -1.999478622591407 0.99949502633647902 0.99990989328087143 -1.999478622591407 0.99958513305560759
1 -1.993537863981319 0.99512542355627009 0.9991865042928495 -1.993537863981319 0.99593891926342049
1 -1.972814361532869 0.98605049475955475 0.99772076003068477 -1.972814361532869 0.98832973472886976
1 -1.9976749513779002 0.99816708811980415 1.0004246482775467 -1.9976749513779002 0.99774243984225752
1 -1.972340256937142 0.98030423595453819 0.99704990460732135 -1.972340256937142 0.98325433134721707
1 -1.7636703339477047 0.92775390446202499 1.0148931588617467 -1.7636703339477047 0.91286074560027808
1 -1.9930922430134324 0.99568512522682973 1.0008387184797511 -1.9930922430134324 0.99484640674707869
1 -1.6109391938961273 0.95253502961720149 1.0083245229989157 -1.6109391938961273 0.94421050661828587
1 -1.9974975287695826 0.99784353321948827 0.99972308070766513 -1.9974975287695826 0.99812045251182291
1 -1.9983952147177666 0.99864075978267064 1.0002229544006729 -1.9983952147177666 0.99841780538199798
1 -1.9996762594576951 0.99968314659932567 0.99996142622244144 -1.9996762594576951 0.99972172037688412
1 -1.9982173377011028 0.99840977292124999 0.9998094320536387 -1.9982173377011028 0.99860034086761162
1 -1.9993153136782598 0.99936786594155314 1.0000994695339371 -1.9993153136782598 0.99926839640761622
1 -1.9931215424622533 0.99428711349600796 0.99933690794792895 -1.9931215424622533 0.994950205548079
1 -1.9988710581510658 0.9989550646132348 0.99987928349764132 -1.9988710581510658 0.99907578111559359
1 -1.9985362869033971 0.99874090668351501 1.000182468195733 -1.9985362869033971 0.99855843848778203
1 -1.9791947204610725 0.98973594565531531 1.0014814755365062 -1.9791947204610725 0.98825447011880885
1 -1.999765980114494 0.99976895790791587 0.99997428299424196 -1.999765980114494 0.99979467491367391
1 -1.9996959029800372 0.99970692129933969 1.0000414080219859 -1.9996959029800372 0.99966551327735387
1 -1.9977669862168457 0.99817971155719587 1.0002223881441272 -1.9977669862168457 0.99795732341306864
1 -1.9970367377055107 0.99749375765609227 0.99965739538983456 -1.9970367377055107 0.9978363622662576
1 -1.9977163842376882 0.99814979703776141 1.0002449455256761 -1.9977163842376882 0.9979048515120853
1 -1.9995921802670271 0.99961099732862257 1.0000473133678571 -1.9995921802670271 0.99956368396076534
1 -1.9994311443507271 0.99945481186483343 0.9999444037072992 -1.9994311443507271 0.99951040815753445
1 -1.9586384993359502 0.98535687145519479 1.0016738781659176 -1.9586384993359502 0.98368299328927722
1 -1.9627112970629668 0.98393042478129811 0.99847940875354091 -1.9627112970629668 0.9854510160277572
1 -1.9972686259432666 0.99784131787682617 1.0002455223897913 -1.9972686259432666 0.99759579548703503
1 -1.9968501127917067 0.99739382083353478 0.99973852268180274 -1.9968501127917067 0.99765529815173226
1 -1.9996575871769671 0.99966670619816922 0.99997013153160186 -1.9996575871769671 0.99969657466656725
1 -1.9893681662581202 0.99390816143749205 1.0006647944754152 -1.9893681662581202 0.99324336696207693
1 -1.9858875287983231 0.99160816186967871 0.99919335528627662 -1.9858875287983231 0.99241480658340209
1 -1.987050410166753 0.99309627960191227 1.0009051107223501 -1.987050410166753 0.99219116887956216
1 -1.979800423643705 0.98927679353762754 0.99902286469586665 -1.979800423643705 0.99025392884176078
1 -1.7167111505382138 0.94909856370867218 0.99546932111887909 -1.7167111505382138 0.95362924258979309
1 -1.9944771045589875 0.99621786985881655 1.0004048842603237 -1.9944771045589875 0.99581298559849263
1 -1.9982745951621761 0.99846836776994219 0.99986623779068329 -1.9982745951621761 0.9986021299792589
1 -1.9969234375590099 0.99761202771696056 1.0002458326047601 -1.9969234375590099 0.99736619511220026
1 -1.9966178771744107 0.99723835167649133 0.99974082750451787 -1.9966178771744107 0.99749752417197346
1 -1.9973330108806968 0.99790400230642695 1.0003124786034532 -1.9973330108806968 0.99759152370297355
1 -1.997189878353582 0.99764488683100139 0.9997871973113942 -1.997189878353582 0.99785768951960718
1 -1.9975040206184536 0.99799505276755829 1.0002206997826877 -1.9975040206184536 0.99777435298487049
1 -1.9968550322658585 0.99740097849130549 0.99974927288655746 -1.9968550322658585 0.99765170560474825
1 -1.9994424655439835 0.99947540950049762 1.0000516166889528 -1.9994424655439835 0.99942379281154492
1 -1.9993452778872949 0.99937579089557149 0.99993223065573722 -1.9993452778872949 0.99944356023983427
1 -1.8470057978625123 0.96357059011287005 0.99702638207907279 -1.8470057978625123 0.96654420803379726
1 -1.8820550807701095 0.97297829659871293 1.0027035235827944 -1.8820550807701095 0.97027477301591847
1 -1.9991025741178272 0.99914938056044067 0.99993106351634431 -1.9991025741178272 0.99921831704409614
1 -1.9994457480549923 0.9994782806923912 1.0000508394330334 -1.9994457480549923 0.99942744125935801
1 -1.985987841128213 0.99173962670360993 0.99933198065517825 -1.985987841128213 0.99240764604843168
1 -1.9990213509751682 0.99911484229013192 1.0000852804829354 -1.9990213509751682 0.9990295618071966
1 -1.9987640947600556 0.9988690254704824 0.99989813334780142 -1.9987640947600556 0.99897089212268109
1 -1.9989361116149054 0.99904803747306237 1.0001115915061018 -1.9989361116149054 0.99893644596696041
1 -1.9541241302390471 0.98195058162166049 0.99856050694578391 -1.9541241302390471 0.9833900746758768
1 -1.9645545322710221 0.98658346637230576 1.001401070610084 -1.9645545322710221 0.98518239576222189
1 -1.9986989715422656 0.99881679044338578 0.99990596443043422 -1.9986989715422656 0.99891082601295167
