1 -1.9994582859427397 0.99951618348804161 1.0003657378098851 -1.9994582859427397 0.99915044567815658
1 -1.9997321933119727 0.99973538143315888 1.0002000366103663 -1.9997321933119727 0.99953534482279249
1 -1.9996850384013396 0.99970665656486701 1.0002217509796749 -1.9996850384013396 0.99948490558519199
1 -1.9994320184491143 0.99944392767796497 1.0002841799296733 -1.9994320184491143 0.99915974774829153
1 -1.9991513171687392 0.99918649364156276 0.99980935979255392 -1.9991513171687392 0.99937713384900884
1 -1.9958889892740399 0.99655293281999657 0.9992377024072826 -1.9958889892740399 0.99731523041271397
1 -1.9997124754255735 0.99971619771257358 1.000101192497808 -1.9997124754255735 0.99961500521476554
1 -1.9945197834999611 0.99567312009361353 1.0015165804470016 -1.9945197834999611 0.99415653964661177
1 -1.9993255319904164 0.99938107945083943 1.0001956265021315 -1.9993255319904164 0.99918545294870798
1 -1.998617104423307 0.99868986440660534 0.99973116766121739 -1.998617104423307 0.99895869674538795
1 -1.9974150162903366 0.99791831393797048 1.0006554588712584 -1.9974150162903366 0.99726285506671197
1 -1.9996816387504008 0.99968644774001014 0.99994419130170631 -1.9996816387504008 0.99974225643830394
1 -1.9997752125080546 0.9997772461074389 0.99996114176848727 -1.9997752125080546 0.99981610433895152
1 -1.999760421691102 0.99976657501273081 1.0000604463375153 -1.999760421691102 0.99970612867521547
1 -1.9996112901487941 0.99961888628036344 0.99992716273601057 -1.9996112901487941 0.99969172354435276
1 -1.9994096441067819 0.99945058728670766 1.0000977960672843 -1.9994096441067819 0.99935279121942333
1 -1.9976070585618988 0.997799102870504 0.99971223251111918 -1.9976070585618988 0.9980868703593847
1 -1.9989753228082316 0.99906582407565692 1.0001688651643819 -1.9989753228082316 0.99889695891127506
1 -1.8673107767202393 0.9208926098485426 0.98988496941916815 -1.8673107767202393 0.93100764042937434
1 -1.9932940069339937 0.99545083778635612 1.0007654141896527 -1.9932940069339937 0.99468542359670353
1 -1.9882791571071685 0.99365471767089675 1.0010440992408463 -1.9882791571071685 0.99261061843005038
1 -1.732106483760842 0.94368478823878865 1.0092031414471809 -1.732106483760842 0.9344816467916075
1 -1.9988578219587207 0.99894226770089045 0.99987009726952325 -1.9988578219587207 0.9990721704313672
1 -1.9980481455119872 0.99831786951014023 1.0002635515759724 -1.9980481455119872 0.99805431793416766
1 -1.9961821217395179 0.99691256343372248 0.99963716543072212 -1.9961821217395179 0.99727539800300025
1 -1.9708241916005496 0.98130611698806314 1.0028651876611048 -1.9708241916005496 0.97844092932695848
1 -1.9879081359454998 0.99237245778486327 0.99909825039952371 -1.9879081359454998 0.99327420738533945
1 -1.991012016941309 0.99473955146581938 1.0009001368990782 -1.991012016941309 0.99383941456674119
1 -1.9977128077490232 0.99815524539232581 1.0002755614606376 -1.9977128077490232 0.99787968393168824
1 -1.9970189644967353 0.99749303802216183 0.99969073575834966 -1.9970189644967353 0.99780230226381217
1 -1.779381530120568 0.8992992287768703 0.9887231003522523 -1.779381530120568 0.91057612842461799
1 -1.9998050439737003 0.99980793968151738 1.0000250891697497 -1.9998050439737003 0.99978285051176741
1 -1.9900017545461026 0.99297693793464792 0.99931623485396925 -1.9900017545461026 0.99366070308067878
1 -1.9980971170597466 0.998323851810069 0.99983767724671457 -1.9980971170597466 0.99848617456335453
1 -1.9965494394943955 0.99739356012890557 1.0003136261580587 -1.9965494394943955 0.99707993397084682
1 -1.9932176341129455 0.99481928483650439 0.99950589716295946 -1.9932176341129455 0.99531338767354505
1 -1.9990622935999531 0.99915120997059048 1.0000991541279771 -1.9990622935999531 0.99905205584261347
1 -1.9941947175742831 0.99607903837388589 1.0004365573855458 -1.9941947175742831 0.99564248098833996
1 -1.9997139924171778 0.99972333011456405 1.0000303929230465 -1.9997139924171778 0.99969293719151742
1 -1.9994924865002477 0.99951203736086247 0.99995630035615057 -1.9994924865002477 0.99955573700471201
1 -1.9995657145673711 0.99958710915890903 1.0000525826101299 -1.9995657145673711 0.99953452654877928
1 -1.9976457614811003 0.99808919283286335 1.0002036839100257 -1.9976457614811003 0.99788550892283745
1 -1.9973117760592345 0.99770898070238223 0.99972028445193695 -1.9973117760592345 0.9979886962504454
1 -1.998707209893368 0.99882218555497237 0.99989888033706842 -1.998707209893368 0.99892330521790407
1 -1.9989667126987591 0.99907387506499101 1.0001152065563068 -1.9989667126987591 0.9989586685086842
1 -1.9989046497334175 0.99898953844908855 0.99991459730053167 -1.9989046497334175 0.99907494114855677
