1 -1.99942758658052 0.99943304624332296 1.0004285848460066 -1.99942758658052 0.99900446139731636
1 -1.9992095308032458 0.99927436415468573 1.0005485394943738 -1.9992095308032458 0.99872582466031179
1 -1.999403970288457 0.99941136878463899 0.99982285354614298 -1.999403970288457 0.99958851523849612
1 -1.9997931998117677 0.99979866047291877 1.0001403866152598 -1.9997931998117677 0.99965827385765882
1 -1.9992487123357658 0.99927272872037887 0.99980141630074881 -1.9992487123357658 0.99947131241962994
1 -1.9928218421961006 0.99356013165336665 0.99825573890136554 -1.9928218421961006 0.99530439275200111
1 -1.9952886513293402 0.99689965192722485 1.0018705640667467 -1.9952886513293402 0.99502908786047795
1 -1.9996768362633204 0.99968006723230018 1.0001813216138356 -1.9996768362633204 0.99949874561846463
1 -1.9996749510449829 0.99968557506794709 1.0001386840600743 -1.9996749510449829 0.99954689100787297
1 -1.999393423005462 0.99940944010844301 0.99985358853135753 -1.999393423005462 0.99955585157708537
1 -1.9981525665976063 0.99830539553010522 0.99960322649829036 -1.9981525665976063 0.99870216903181486
1 -1.9994004522043975 0.99940865358424458 0.99987047412514074 -1.9994004522043975 0.99953817945910384
1 -1.9991858353529133 0.99924724118963748 1.0002803015115769 -1.9991858353529133 0.99896693967806083
1 -1.9986600948644924 0.99874409246051721 0.99970623916596313 -1.9986600948644924 0.99903785329455408
1 -1.9998112013939184 0.99981323502990027 0.99996105612410258 -1.9998112013939184 0.99985217890579792
1 -1.9956516863824394 0.99590293064310564 0.99914958812809074 -1.9956516863824394 0.9967533425150148
1 -1.9995284702399108 0.99955925140097523 1.0001287378801496 -1.9995284702399108 0.99943051352082579
1 -1.9964730897357255 0.99685828508082164 0.99945308027031554 -1.9964730897357255 0.99740520481050621
1 -1.9920975380169204 0.99529016426243111 1.0010237133984854 -1.9920975380169204 0.99426645086394583
1 -1.9949354964755888 0.99605195064918406 0.99943672092203106 -1.9949354964755888 0.996615229727153
1 -1.7325819720878886 0.94433700822339894 1.010952191774092 -1.7325819720878886 0.93338481644930693
1 -1.9993507239334993 0.9994005341533575 1.0001155924043001 -1.9993507239334993 0.99928494174905746
1 -1.9992510838169646 0.99928485503976838 0.99990341561416451 -1.9992510838169646 0.99938143942560387
1 -1.9189659143925619 0.95679893713025643 0.99449391469273463 -1.9189659143925619 0.9623050224375217
1 -1.989590316827347 0.99210246676405356 0.99900032774825853 -1.989590316827347 0.99310213901579503
1 -1.9985648386960211 0.99873756267668012 1.0002143061161552 -1.9985648386960211 0.99852325656052487
1 -1.9996798727192826 0.99968913716506469 1.0000524076823294 -1.9996798727192826 0.99963672948273552
1 -1.9962491167668468 0.99717943413439536 1.0004536555151908 -1.9962491167668468 0.99672577861920453
1 -1.7779672308943737 0.89556893714333907 0.98766992663383801 -1.7779672308943737 0.90789901050950128
1 -1.9810455372509179 0.9912177995982876 1.0013601499026188 -1.9810455372509179 0.98985764969566892
1 -1.9997434815167752 0.9997483433577079 0.99997075612069142 -1.9997434815167752 0.99977758723701649
1 -1.9883685251805721 0.99261094354637636 0.99916256532058811 -1.9883685251805721 0.99344837822578835
1 -1.9884349473600813 0.99369899520567639 1.0010079898365132 -1.9884349473600813 0.99269100536916322
1 -1.9953030478004583 0.9967058180652264 1.0004778187388039 -1.9953030478004583 0.99622799932642236
1 -1.9988649922163666 0.99899454417466227 1.0001411722454474 -1.9988649922163666 0.99885337192921497
1 -1.9991989559954111 0.99926651859563653 1.000093643710376 -1.9991989559954111 0.99917287488526063
1 -1.9991213233905247 0.99917421855596966 0.99990724620059046 -1.9991213233905247 0.9992669723553792
1 -1.9992959662265666 0.99933939726312948 1.0000872786633097 -1.9992959662265666 0.99925211859981977
1 -1.9992430837480606 0.99928205442627682 0.99991233126842349 -1.9992430837480606 0.99936972315785355
1 -1.9986736766124529 0.99879045593805882 0.99987766302474756 -1.9986736766124529 0.99891279291331114
1 -1.9981317124136311 0.99843802853425534 1.0001987166542221 -1.9981317124136311 0.99823931188003323
1 -1.9996993482498568 0.99970623547100801 0.99997032381388673 -1.9996993482498568 0.99973591165712128
1 -1.9997740902984411 0.99978018435278837 1.0000286941220731 -1.9997740902984411 0.99975149023071541
1 -1.9998475411654248 0.99985000567128779 1.0000188250545075 -1.9998475411654248 0.99983118061678022
1 -1.998957348584292 0.9990660040434598 1.0001143844411371 -1.998957348584292 0.99895161960232259
1 -1.9994631535506431 0.99949487147179816 1.0000613128687939 -1.9994631535506431 0.99943355860300442
1 -1.9976007293147202 0.99794230917516114 0.99980023749510427 -1.9976007293147202 0.99814207168005709
1 -1.994741371410043 0.99603126207824422 0.99963694632887445 -1.994741371410043 0.9963943157493701
1 -1.9588045567367482 0.98295403235493151 0.99845750893403074 -1.9588045567367482 0.98449652342090066
1 -1.915996207496685 0.97147778974889998 0.99747451551378941 -1.915996207496685 0.97400327423511068
1 -1.9981740983786656 0.99839014697581874 0.99986551675638813 -1.9981740983786656 0.99852463021943061
1 -1.9982660029511115 0.99852678049334576 1.0001477406389414 -1.9982660029511115 0.99837903985440413
1 -1.9911387847374196 0.99461484951269408 1.0005233835869307 -1.9911387847374196 0.99409146592576325
1 -1.9987887096943853 0.99889168715974475 0.99991014276015888 -1.9987887096943853 0.99898154439958609
1 -1.9973437034995605 0.9978791966526972 1.0002005677315313 -1.9973437034995605 0.99767862892116577
1 -1.996720212098624 0.9973153217349211 0.99976435261932495 -1.996720212098624 0.99755096911559638
