1 -1.9989096772474642 0.99891794537192569 0.99967435953914652 -1.9989096772474642 0.99924358583277939
1 -1.9995611723758728 0.99956324007569963 0.99986855866668689 -1.9995611723758728 0.99969468140901252
1 -1.9998526647935495 0.99985634124220535 1.0001085978633388 -1.9998526647935495 0.99974774337886674
1 -1.9896958656043038 0.9902392968564927 0.99737955636726505 -1.9896958656043038 0.99285974048922787
1 -1.9992128635325552 0.99923687948652717 0.99980884847031903 -1.9992128635325552 0.99942803101620825
1 -1.9997061411695647 0.9997108456764825 0.99993676039466217 -1.9997061411695647 0.99977408528182055
1 -1.9988721438761616 0.99891878113728039 0.99976616399652918 -1.9988721438761616 0.99915261714075132
1 -1.9994639224497881 0.99950289743275067 1.0001882136021198 -1.9994639224497881 0.99931468383063082
1 -1.9979224638732245 0.99836092465184112 1.0005974313804864 -1.9979224638732245 0.99776349327135472
1 -1.9995965726775915 0.99959867501955968 0.99992024850929584 -1.9995965726775915 0.99967842651026395
1 -1.9997999676917428 0.99980328559870557 1.0000625985284755 -1.9997999676917428 0.99974068707023012
1 -1.9983018549693246 0.99831005184281385 0.99967769532986561 -1.9983018549693246 0.99863235651294824
1 -1.9997129006231495 0.99971870226149884 1.0001046096117512 -1.9997129006231495 0.99961409264974777
1 -1.9984887412093899 0.99857516446761152 0.99975138802134622 -1.9984887412093899 0.99882377644626541
1 -1.9992372933816185 0.99930525182150942 1.0002336216296988 -1.9992372933816185 0.99907163019181067
1 -1.9913737751504099 0.9950829825855777 1.001300526953919 -1.9913737751504099 0.99378245563165857
1 -1.9840284363391911 0.99023573839080059 0.99827600075116951 -1.9840284363391911 0.99195973763963097
1 -1.9982966688737847 0.99858973614783964 1.0003331104936208 -1.9982966688737847 0.99825662565421891
1 -1.9922053172591279 0.9943698766135094 0.99910078855449247 -1.9922053172591279 0.99526908805901682
1 -1.9960185968749324 0.99674509942876244 0.99948654419697669 -1.9960185968749324 0.99725855523178575
1 -1.9389503611250993 0.97538429684315076 0.99612459172050638 -1.9389503611250993 0.97925970512264449
1 -1.978026214515886 0.98807206806863679 0.99821140604682734 -1.978026214515886 0.98986066202180945
1 -1.7184887195287968 0.95007484552090282 1.0104578299669982 -1.7184887195287968 0.93961701555390487
1 -1.9982188493920665 0.99840306486293062 0.99977782351767608 -1.9982188493920665 0.99862524134525432
1 -1.9956002345222899 0.99691142164805124 1.0005743756620566 -1.9956002345222899 0.9963370459859946
1 -1.9937131163794861 0.99531612419662285 0.99936456685096209 -1.9937131163794861 0.99595155734566065
1 -1.8389519940177694 0.90556998336581185 0.98772217349637359 -1.8389519940177694 0.91784780986943815
1 -1.9946944828264146 0.99642146828837519 1.0006183554048094 -1.9946944828264146 0.99580311288356571
1 -1.9846157841225063 0.99239479281418574 1.0012822677145106 -1.9846157841225063 0.99111252509967518
1 -1.5710735588361644 0.92299994607394775 1.0129299092988975 -1.5710735588361644 0.91007003677505027
1 -1.9995771619259706 0.99959855663999087 1.0000656957942242 -1.9995771619259706 0.99953286084576665
1 -1.998980579641336 0.99903417048185494 0.99988104905511155 -1.998980579641336 0.9991531214267434
1 -1.9992745947367583 0.99933432474336381 1.0001156485794709 -1.9992745947367583 0.99921867616389304
1 -1.9965415659608758 0.99741800961828664 1.0004036666883871 -1.9965415659608758 0.99701434292989943
1 -1.9987602105262183 0.99890721758759193 1.0001635574140475 -1.9987602105262183 0.99874366017354455
1 -1.9985022600679709 0.99863535795930791 0.99980499595773298 -1.9985022600679709 0.99883036200157505
1 -1.998943578368755 0.99906455393172466 1.0001785746266314 -1.998943578368755 0.99888597930509349
1 -1.9993108657854908 0.99934408323983104 0.99992517042043105 -1.9993108657854908 0.99941891281939998
1 -1.9995585395780209 0.99957269705467422 0.99995197343039333 -1.9995585395780209 0.99962072362428056
1 -1.9989427523088628 0.99901799787984402 0.99989192688023976 -1.9989427523088628 0.99912607099960415
1 -1.9931971784829321 0.99509201010969561 0.9994707075960434 -1.9931971784829321 0.99562130251365211
1 -1.993981422063589 0.99602695261485019 1.0005813049912391 -1.993981422063589 0.99544564762361087
1 -1.9728779252414761 0.98678292855770933 0.9985986595285401 -1.9728779252414761 0.98818426902916945
1 -1.9713904261111572 0.98847790142662117 1.0015796438895979 -1.9713904261111572 0.98689825753702332
1 -1.9914217617537433 0.99415835630078331 0.9994130496982494 -1.9914217617537433 0.9947453066025338
1 -1.9997565842481426 0.99975952081307673 0.99997648837612141 -1.9997565842481426 0.99978303243695521
1 -1.9998215295210537 0.99982539203009912 1.0000232914278888 -1.9998215295210537 0.99980210060221042
1 -1.7940313212301739 0.96414166505503951 1.0043565890967936 -1.7940313212301739 0.95978507595824591
1 -1.9984497153928487 0.99866897556126621 1.0001575464073753 -1.9984497153928487 0.99851142915389091
1 -1.9979144653623406 0.99817288089062872 0.99979291533888481 -1.9979144653623406 0.99837996555174391
1 -1.9480014902162908 0.98322504628777863 1.0019308659478243 -1.9480014902162908 0.98129418033995441
1 -1.9975540897081685 0.99791224176060878 0.99981289181770994 -1.9975540897081685 0.99809934994289884
1 -1.9980205335306902 0.99835469730991155 1.0001919369267442 -1.9980205335306902 0.99816276038316742
1 -1.9993204771679713 0.99935608433340983 1.0000659960217826 -1.9993204771679713 0.99929008831162758
1 -1.9703306559324183 0.98624511516709956 0.99884477596115107 -1.9703306559324183 0.98740033920594839
1 -1.977084936020663 0.98978038719103312 1.0010500582048292 -1.977084936020663 0.98873032898620372
1 -1.9960608895198757 0.99687514248295317 0.99973813453824323 -1.9960608895198757 0.99713700794470994
1 -1.9997712173495479 0.99977541651678292 0.99998118555322835 -1.9997712173495479 0.99979423096355469
1 -1.9976262134864178 0.99797090445515735 0.99983388827386088 -1.9976262134864178 0.99813701618129647
1 -1.998243779243579 0.99851274311888349 1.0001598663898836 -1.998243779243579 0.99835287672899975
1 -1.9986169430795071 0.99874839504904256 0.99989898526430276 -1.9986169430795071 0.99884940978473979
1 -1.9989641899270587 0.99906913114204099 1.0000979618951444 -1.9989641899270587 0.99897116924689655
1 -1.9987735293717559 0.99887098916847228 0.99986685628073235 -1.9987735293717559 0.99900413288773982
1 -1.9987489240457088 0.99889534976335137 1.0001100541491719 -1.9987489240457088 0.99878529561417961
1 -1.9590788886702983 0.98317936512590631 0.9986502292470345 -1.9590788886702983 0.9845291358788717
1 -1.9966897062564188 0.99745904389518958 1.0002411817527974 -1.9966897062564188 0.99721786214239228
1 -1.9812707189495351 0.9899048842931818 0.99919803325258205 -1.9812707189495351 0.99070685104059997
