1 -1.9989286505416093 0.99893691874455048 0.99968006950761301 -1.9989286505416093 0.99925684923693747
1 -1.9979630270934765 0.99798869926919076 0.9993947062561328 -1.9979630270934765 0.99859399301305807
1 -1.9890047525927639 0.98928875076533818 0.99677648794562146 -1.9890047525927639 0.99251226281971683
1 -1.9995422216494998 0.99954425501195243 0.99986284517981894 -1.9995422216494998 0.99968140983213349
1 -1.9926340929171988 0.99271415651957795 0.99780735152633215 -1.9926340929171988 0.99490680499324569
1 -1.9770769355725635 0.97795046325994106 0.9933642709717706 -1.9770769355725635 0.98458619228817035
1 -1.5372805823057694 0.93485058306426305 1.0492492597429506 -1.5372805823057694 0.88560132332131258
1 -1.9966139811618735 0.99674778311977075 0.99908694561015643 -1.9966139811618735 0.99766083750961443
1 -1.9995833758467272 0.99958534147561762 0.99988424516555585 -1.9995833758467272 0.99970109631006188
1 -1.97144024988186 0.97685956090860215 0.99359949660169811 -1.97144024988186 0.98326006430690416
1 -1.9990848532468295 0.99909305333211473 0.99975228308038289 -1.9990848532468295 0.99934077025173196
1 -1.9989309353727087 0.9989754708496581 0.9997482750650617 -1.9989309353727087 0.99922719578459651
1 -1.9994208973201102 0.99943730059160363 0.99986436387685584 -1.9994208973201102 0.99957293671474767
1 -1.9863549675330692 0.98917027151414938 0.99743101975298276 -1.9863549675330692 0.99173925176116673
1 -1.8996034470297161 0.95052157763995571 0.98833015435860594 -1.8996034470297161 0.96219142328134966
1 -1.9885708313441113 0.98948018099310475 0.99764595923700938 -1.9885708313441113 0.99183422175609526
1 -1.9989362187444193 0.99896190342484292 0.99977291226864518 -1.9989362187444193 0.99918899115619797
1 -1.9796506102380844 0.98799066473493968 0.99743956384728372 -1.9796506102380844 0.99055110088765597
1 -1.9975462567031803 0.99783147446638432 0.99957260792826463 -1.9975462567031803 0.99825886653811957
1 -1.6660984352617563 0.84818417910273025 1.0491332548968353 -1.6660984352617563 0.79905092420589507
1 -1.8862919240218599 0.96363852938113614 0.99205602926485126 -1.8862919240218599 0.97158250011628489
1 -1.9987845337923464 0.99886484451809587 0.99978595766452916 -1.9987845337923464 0.99907888685356661
1 -1.9987260390684041 0.99878668209087873 1.0004077702137888 -1.9987260390684041 0.99837891187708983
1 -1.9997686697111625 0.99977234600540499 1.0000678238320406 -1.9997686697111625 0.99970452217336436
1 -1.9319074642882741 0.95129365743306671 0.99129256227899154 -1.9319074642882741 0.96000109515407495
1 -1.9984950132883348 0.99870968989815156 1.000308621744449 -1.9984950132883348 0.99840106815370266
1 -1.9995829240589689 0.99960398756275481 1.0000920125093418 -1.9995829240589689 0.99951197505341316
1 -1.9958913182975564 0.99650918311902148 0.99946482304202522 -1.9958913182975564 0.99704436007699626
1 -1.9850866326014802 0.99169451589478175 1.0018124175033765 -1.9850866326014802 0.98988209839140529
1 -1.9997070832835537 0.99971794312794138 1.0000514554995283 -1.9997070832835537 0.99966648762841315
1 -1.9993335949975231 0.99936344952512723 0.99991615081361662 -1.9993335949975231 0.99944729871151083
1 -1.9997954142738799 0.99980070821149758 1.0000331594544241 -1.9997954142738799 0.99976754875707352
1 -1.8252294271225387 0.95895475796363217 0.99488846127199682 -1.8252294271225387 0.96406629669163535
1 -1.99636435932695 0.9970603201850935 1.0004529153236674 -1.99636435932695 0.99660740486142618
1 -1.9996917317942999 0.99969868202976508 0.99996465402239643 -1.9996917317942999 0.99973402800736866
1 -1.9989258886357271 0.99902335586145041 1.0001333922149358 -1.9989258886357271 0.99888996364651472
1 -1.9988236226248961 0.99891298084244018 0.99987881613373197 -1.9988236226248961 0.99903416470870798
1 -1.6432685151884718 0.95316828703933409 1.0063325467390447 -1.6432685151884718 0.94683574030028916
1 -1.9980797286970577 0.99840089058480275 1.0002037516076436 -1.9980797286970577 0.99819713897715912
1 -1.9968470111507417 0.99739127712606013 0.9997373015254607 -1.9968470111507417 0.99765397560059943
1 -1.9984358939299272 0.99859472677878058 0.99986207542443761 -1.9984358939299272 0.99873265135434297
1 -1.9986314775734657 0.99880992267655155 1.0001542024051098 -1.9986314775734657 0.998655720271442
1 -1.9975220720254832 0.99801204726820303 1.0002370091403101 -1.9975220720254832 0.9977750381278927
1 -1.9970862199952633 0.9975432512698198 0.99970053147711357 -1.9970862199952633 0.99784271979270633
1 -1.9996388186723424 0.99964179627641159 0.99996699178839699 -1.9996388186723424 0.99967480448801482
1 -1.9994580158804565 0.99948986883503244 1.0000570558729149 -1.9994580158804565 0.9994328129621175
1 -1.9975144183994398 0.99800068612359216 1.0002150660597831 -1.9975144183994398 0.99778562006380933
1 -1.9979777274712713 0.99823653649935884 0.99985138260766837 -1.9979777274712713 0.99838515389169047
