1 -1.9990042692379961 0.99901281566873534 0.99970291041483506 -1.9990042692379961 0.99930990525390051
1 -1.9995991779773368 0.99960121139770919 0.99987998599990824 -1.9995991779773368 0.99972122539780117
1 -1.9998526647935495 0.99985634124220535 1.0001085978633388 -1.9998526647935495 0.99974774337886674
1 -1.9990557232828567 0.99909189996564074 0.99974504660326069 -1.9990557232828567 0.99934685336238005
1 -1.9996172651671713 0.99964570073434378 1.0002240694837892 -1.9996172651671713 0.99942163125055472
1 -1.9994029035344847 0.99941911311154696 0.99984903985046958 -1.9994029035344847 0.9995700732610775
1 -1.9912381820889682 0.99185936770043237 0.99809046917021949 -1.9912381820889682 0.99376889853021289
1 -1.9991116432837441 0.99912026037383472 0.99979794556896429 -1.9991116432837441 0.99932231480487044
1 -1.9973210514280995 0.99764726310398999 0.99951601948497193 -1.9973210514280995 0.99813124361901806
1 -1.9996446778086865 0.99964681509515196 0.99993092766648561 -1.9996446778086865 0.99971588742866657
1 -1.9998369429632046 0.9998409002848867 1.0000508714843659 -1.9998369429632046 0.99979002880052104
1 -1.9989811717350932 0.99903546658490205 1.0002915643304151 -1.9989811717350932 0.99874390225448684
1 -1.9997333572734592 0.9997379071828445 0.99995574169973478 -1.9997333572734592 0.99978216548310961
1 -1.9996364170247127 0.99964849346912166 1.000088918170859 -1.9996364170247127 0.99955957529826256
1 -1.6390631097262764 0.83883870936553562 1.0402397455533219 -1.6390631097262764 0.79859896381221374
1 -1.9934275398576984 0.99568356025602389 1.0009739024881508 -1.9934275398576984 0.9947096577678729
1 -1.9926294028922238 0.99458888267653367 0.99909926120243808 -1.9926294028922238 0.99548962147409548
1 -1.9993911354079341 0.99941491917960479 0.99991065094141096 -1.9993911354079341 0.99950426823819372
1 -1.9995712148672404 0.99959194956250719 1.0000916828210691 -1.9995712148672404 0.99950026674143799
1 -1.9763538748366369 0.99020123133103233 1.0021074019854799 -1.9763538748366369 0.98809382934555279
1 -1.9303082064054051 0.96598103393892798 0.99486976545965677 -1.9303082064054051 0.97111126847927121
1 -1.9991065874875302 0.99919846778596444 1.0001721451485692 -1.9991065874875302 0.99902632263739533
1 -1.9988200181704849 0.9988984092405131 0.99980481016444034 -1.9988200181704849 0.99909359907607287
1 -1.9975753636858595 0.99776541816937281 0.99967301351767446 -1.9975753636858595 0.99809240465169857
1 -1.9866993890672089 0.99170984379307947 0.99886054067571184 -1.9866993890672089 0.99284930311736763
1 -1.996305855086465 0.99730616613519862 1.0005067860192653 -1.996305855086465 0.99679938011593316
1 -1.9955061179517632 0.99642952590503742 0.99950527263850719 -1.9955061179517632 0.99692425326653034
1 -1.7720812158960315 0.90712513005848194 0.98747582268462597 -1.7720812158960315 0.91964930737385597
1 -1.9952697187346817 0.99673140555569428 1.0005971877220134 -1.9952697187346817 0.99613421783368095
1 -1.9818369960927973 0.98975588184149621 0.99871558093940127 -1.9818369960927973 0.99104030090209494
1 -1.9985108735215555 0.99865012315130031 0.99984048191691466 -1.9985108735215555 0.99880964123438576
1 -1.9920002189270245 0.99511864099565217 1.0007432492541288 -1.9920002189270245 0.99437539174152323
1 -1.9157184632664395 0.97317466591002977 0.99699918052696967 -1.9157184632664395 0.97617548538305987
1 -1.9946167907548396 0.9959169455984882 0.99954684000424088 -1.9946167907548396 0.99637010559424721
1 -1.9973120019276251 0.99788298734738001 1.0002884377301717 -1.9973120019276251 0.9975945496172085
1 -1.9969821113043158 0.99746930648222876 0.99969589047484475 -1.9969821113043158 0.99777341600738401
1 -1.9978156953560644 0.99823527410936785 1.0003052563988588 -1.9978156953560644 0.99793001771050893
1 -1.970308415292729 0.98599014398425389 0.99853060359926138 -1.970308415292729 0.98745954038499262
1 -1.9984940380968053 0.99870348045654755 1.0001588843288667 -1.9984940380968053 0.99854459612768054
1 -1.9971951858334442 0.99764306886654353 0.99977044860011899 -1.9971951858334442 0.99787262026642454
1 -1.9882051822950888 0.99348603139926006 1.000777942747892 -1.9882051822950888 0.99270808865136795
1 -1.9775371532034673 0.98844217219834485 0.99889855238208924 -1.9775371532034673 0.98954361981625583
1 -1.9775817951109012 0.99004868751922503 1.0012375973428076 -1.9775817951109012 0.98881109017641733
1 -1.545626682969713 0.94672888516907872 1.0062338389189718 -1.545626682969713 0.94049504625010705
1 -1.9961609270237903 0.99715662391038495 1.000326292932441 -1.9961609270237903 0.99683033097794416
1 -1.9992359467340082 0.99927843406068906 0.99993351824642085 -1.9992359467340082 0.9993449158142681
1 -1.9987090990177183 0.99882381799012854 0.99989928346662482 -1.9987090990177183 0.99892453452350394
1 -1.9988982386710035 0.99900219680421165 1.0001499474909661 -1.9988982386710035 0.99885224931324557
1 -1.99117861068917 0.99408796329057336 0.99949545189237754 -1.99117861068917 0.99459251139819604
1 -1.994665597199432 0.99630701206286565 1.0003708304148029 -1.994665597199432 0.99593618164806264
1 -1.9934061242385697 0.99524320257254617 0.99954712506878274 -1.9934061242385697 0.99569607750376332
1 -1.9936610292048333 0.9958004864253035 1.0004408000216682 -1.9936610292048333 0.99535968640363526
1 -1.9998113929239421 0.99981544612559736 1.0000175236168156 -1.9998113929239421 0.99979792250878174
