1 -1.9995276191981479 0.99953129504925287 1.000354314327708 -1.9995276191981479 0.99917698072154493
1 -1.999656138167669 0.99965817164596504 0.99989712798240238 -1.999656138167669 0.99976104366356255
1 -1.9992133611823686 0.99922156179478328 0.99976573181305639 -1.9992133611823686 0.99945582998172666
1 -1.9994791874153455 0.99949272016224555 1.0002223261553735 -1.9994791874153455 0.99927039400687212
1 -1.9992722763580997 0.99929712215584587 0.99983733330179492 -1.9992722763580997 0.99945978885405073
1 -1.9881666313662336 0.98882985180678151 0.99767326092298614 -1.9881666313662336 0.99115659088379537
1 -1.999002815336153 0.99905380768607654 1.0003157502606854 -1.999002815336153 0.99873805742539112
1 -1.9997476960296632 0.99975310070337142 1.0000731162024121 -1.9997476960296632 0.99967998450095941
1 -1.9973686110338114 0.99765501845307936 0.99958049854030395 -1.9973686110338114 0.9980745199127754
1 -1.9923983041269058 0.99413226521138709 1.0013708978938691 -1.9923983041269058 0.99276136731751796
1 -1.9987127946655794 0.99879679447641612 0.99980904685771788 -1.9987127946655794 0.99898774761869857
1 -1.7185123079680917 0.93873030510333633 1.0133989551745681 -1.7185123079680917 0.9253313499287682
1 -1.9989827446769532 0.99909518078151704 1.0001686098973332 -1.9989827446769532 0.99892657088418402
1 -1.9972625155280561 0.99782322764016795 1.0003355039497006 -1.9972625155280561 0.99748772369046745
1 -1.9981318655093112 0.99826911684208008 0.99980252958118332 -1.9981318655093112 0.99846658726089665
1 -1.9993659499573087 0.99937302598249156 0.99992871775900893 -1.9993659499573087 0.99944430822348262
1 -1.9992526830715287 0.9993131555686009 1.0000966396999196 -1.9992526830715287 0.99921651586868154
1 -1.9943354481108191 0.99528986310394507 0.99953517994683805 -1.9943354481108191 0.99575468315710725
1 -1.9997705602505369 0.99977269767154986 0.99997763077920843 -1.9997705602505369 0.99979506689234143
1 -1.9992165917918965 0.99926145408305489 0.99993433187192693 -1.9992165917918965 0.99932712221112807
1 -1.9997328728503987 0.99973902608725895 1.000027966270266 -1.9997328728503987 0.99971105981699293
1 -1.9966464328968021 0.99743649348130858 1.000256943574646 -1.9966464328968021 0.99717954990666269
1 -1.7903076375728502 0.91604024359550462 0.99318140048164782 -1.7903076375728502 0.92285884311385669
