1 -1.9995415413239266 0.9995452172006255 1.0003407941386202 -1.9995415413239266 0.9992044230620053
1 -1.999656138167669 0.99965817164596504 0.99989712798240238 -1.999656138167669 0.99976104366356255
1 -1.9991943137695618 0.99920258307137033 0.99976002023428934 -1.9991943137695618 0.99944256283708111
1 -1.9994858192085905 0.99949952889876037 1.000215716515354 -1.9994858192085905 0.99928381238340636
1 -1.9992373998935919 0.99926224525791352 0.99982808299949233 -1.9992373998935919 0.99943416225842108
1 -1.9991206324329263 0.99917128610453487 1.0003026127221235 -1.9991206324329263 0.99886867338241137
1 -1.9951277161771819 0.9958013149576751 0.99916042764630053 -1.9951277161771819 0.99664088731137424
1 -1.9997274826420763 0.99973283168690452 1.0000770862854618 -1.9997274826420763 0.99965574540144275
1 -1.9971091932360374 0.99739678090330375 0.99954091368984233 -1.9971091932360374 0.99785586721346131
1 -1.7265630200024387 0.93844684339289086 1.0136027267807795 -1.7265630200024387 0.92484411661211141
1 -1.9982474352465842 0.99838497537126103 0.99980014807893103 -1.9982474352465842 0.99858482729233
1 -1.9944032428982479 0.99535917068982438 0.99942821215728495 -1.9944032428982479 0.99593095853253955
1 -1.9989533701703626 0.99906707871784128 1.0001426597460414 -1.9989533701703626 0.99892441897179984
1 -1.9993638511385861 0.99937092715634079 0.99992685975194517 -1.9993638511385861 0.99944406740439584
1 -1.9985370404938798 0.99861436339764709 0.99984560979849735 -1.9985370404938798 0.99876875359914974
1 -1.9951691932733606 0.99564595976297932 0.99954653564392382 -1.9951691932733606 0.99609942411905539
1 -1.9997693331150745 0.99977147053477611 0.99997652694190287 -1.9997693331150745 0.99979494359287313
1 -1.9937124947590756 0.99544759956838802 1.0005851700602753 -1.9937124947590756 0.99486242950811277
1 -1.9992640645912272 0.99932086763472538 1.0000784889076706 -1.9992640645912272 0.99924237872705479
1 -1.9992140062767145 0.99925870814153783 0.99993075220555805 -1.9992140062767145 0.99932795593598001
1 -1.9997316007941568 0.99973775402710285 1.0000265614404109 -1.9997316007941568 0.99971119258669205
1 -1.999541927176546 0.99955813788070191 0.99996246389890842 -1.999541927176546 0.99959567398179361
1 -1.9996898596036399 0.99970064051772456 1.0000303591749715 -1.9996898596036399 0.99967028134275293
1 -1.986889712420107 0.99250132906281363 1.0007412583207715 -1.986889712420107 0.99176007074204209
1 -1.9995425892148548 0.99956182394696691 1.0000430124106945 -1.9995425892148548 0.99951881153627231
1 -1.921348495774911 0.96365811342615459 0.99711132783964695 -1.921348495774911 0.96654678558650764
