1 -1.9994379026456475 0.99944139684454048 1.0003867506883681 -1.9994379026456475 0.99905464615617234
1 -1.999656138167669 0.99965817164596504 0.99989712798240238 -1.999656138167669 0.99976104366356255
1 -1.9992723130687986 0.99928051392302897 0.99979195606172377 -1.9992723130687986 0.9994885578613053
1 -1.9995675565454967 0.99958171408599283 1.0001539757498998 -1.9995675565454967 0.99942773833609289
1 -1.9988608259946301 0.99888614668635656 0.99979571844484572 -1.9988608259946301 0.99909042824151062
1 -1.999753718391732 0.99975929152992515 1.0000660574893581 -1.999753718391732 0.99969323404056698
1 -1.994105985124436 0.994384285741021 0.99911612594883892 -1.994105985124436 0.99526815979218219
1 -1.9904474583745428 0.99122302757939118 0.99892216882002449 -1.9904474583745428 0.9923008587593668
1 -1.9992121765222308 0.99926147720265135 1.0001205340456061 -1.9992121765222308 0.99914094315704538
1 -1.7190399806589689 0.93749780990509335 1.0094785271761095 -1.7190399806589689 0.92801928272898404
1 -1.7416661929359802 0.77536971444022829 0.97426173492306167 -1.7416661929359802 0.80110797951716672
1 -1.9997508082878244 0.99975510621193497 0.99997253715730061 -1.9997508082878244 0.99978256905463436
1 -1.9903082426665366 0.99237387406834399 1.0010413634077571 -1.9903082426665366 0.9913325106605867
1 -1.9358956117967361 0.95234975274456701 1.0063261754297654 -1.9358956117967361 0.94602357731480169
1 -1.9996966315099687 0.99970733391073663 1.0000364829086077 -1.9996966315099687 0.99967085100212905
1 -1.9987343824235082 0.99881192382267714 0.99988414908997059 -1.9987343824235082 0.99892777473270644
1 -1.9989214421752091 0.99901962021647694 1.0001426901175203 -1.9989214421752091 0.99887693009895651
1 -1.9997850640039856 0.99978702983113954 0.99997981641448419 -1.9997850640039856 0.99980721341665535
1 -1.5442582939937624 0.94647104581309716 1.0060218876634126 -1.5442582939937624 0.94044915814968466
1 -1.9975725489697436 0.99803689192029388 1.0002143122627136 -1.9975725489697436 0.99782257965758014
