1 -1.9998451043945826 0.99984878082933981 1.0001143131061525 -1.9998451043945826 0.99973446772318719
1 -1.9995800979641001 0.99959176123876026 1.0003086053219676 -1.9995800979641001 0.99928315591679284
1 -1.9996181299595128 0.99962019771823796 0.99988569986500009 -1.9996181299595128 0.99973449785323798
1 -1.9998179698520009 0.99982133158956821 1.0001051612368106 -1.9998179698520009 0.99971617035275773
1 -1.9974119355131941 0.99747767809664756 0.99935248550135902 -1.9974119355131941 0.99812519259528842
1 -1.9990504122332011 0.99909431297122264 1.0005586634369437 -1.9990504122332011 0.99853564953427887
1 -1.9966187419820081 0.99706295454622273 0.99928650627036053 -1.9966187419820081 0.9977764482758622
1 -1.9964284681569222 0.99663252985738526 0.99920936594866006 -1.9964284681569222 0.99742316390872521
1 -1.9994766574968128 0.99948492796648447 0.99988515511321929 -1.9994766574968128 0.99959977285326496
1 -1.99975151264895 0.99975731439932203 1.0000943160086522 -1.99975151264895 0.99966299839066974
1 -1.9935656038970306 0.99611776659178985 1.0013373830637506 -1.9935656038970306 0.99478038352803921
1 -1.9922746035275054 0.99428925068150054 0.99890260819798316 -1.9922746035275054 0.99538664248351727
1 -1.9879649675033211 0.99391145246064316 1.0018169365765031 -1.9879649675033211 0.99209451588414022
1 -1.9949495482344815 0.99639820512097255 1.0010062864968776 -1.9949495482344815 0.99539191862409482
1 -1.9997336097558935 0.99973815966585311 0.99995595164975803 -1.9997336097558935 0.99978220801609508
1 -1.7152027951389022 0.92819906750673042 1.0179327178151312 -1.7152027951389022 0.91026634969159936
1 -1.9994438456543075 0.99945470406912629 1.0001255001326352 -1.9994438456543075 0.99932920393649083
1 -1.9994458278060716 0.9994637195271342 0.99991507661050705 -1.9994458278060716 0.99954864291662704
1 -1.9974449513755859 0.99793437748067759 1.0004535047712806 -1.9974449513755859 0.99748087270939712
1 -1.9990318110791419 0.99909079536374101 0.99986961842420308 -1.9990318110791419 0.99922117693953783
1 -1.9994581988260529 0.99946113495281963 0.99992289552679969 -1.9994581988260529 0.99953823942601971
1 -1.9998257839380806 0.99982969370290142 1.000051440248813 -1.9998257839380806 0.99977825345408855
1 -1.9357698058960964 0.97644978041396868 0.99667221022548924 -1.9357698058960964 0.97977757018847944
1 -1.9990718810199206 0.99916817596469265 1.0001626513099395 -1.9990718810199206 0.9990055246547529
1 -1.9954504569134348 0.99618127824875324 0.99946608797833647 -1.9954504569134348 0.99671519027041711
1 -1.9995179660388229 0.99952737619440502 0.99993924807109136 -1.9995179660388229 0.99958812812331366
1 -1.9977041909909283 0.99800294090687747 0.99974864236608019 -1.9977041909909283 0.9982542985407975
1 -1.9826010676897126 0.99006455529648807 0.99876260144448792 -1.9826010676897126 0.99130195385200015
1 -1.9980756062435936 0.9984097792335842 1.0002546789753857 -1.9980756062435936 0.99815510025819831
1 -1.9956929798529153 0.99692982603043867 1.0004754913670935 -1.9956929798529153 0.99645433466334521
1 -1.9949863104092713 0.99611241876255507 0.99950132696956451 -1.9949863104092713 0.99661109179299057
1 -1.9993168237887 0.99936885619269333 1.0000964998507047 -1.9993168237887 0.99927235634198874
1 -1.993916727728877 0.99548365760813207 0.99947196519589276 -1.993916727728877 0.9960116924122393
1 -1.9186110986966394 0.97358511260812741 0.99691798507706053 -1.9186110986966394 0.97666712753106699
1 -1.545429215208064 0.94794694155504078 1.0077405987307673 -1.545429215208064 0.9402063428242734
1 -1.9988702957162978 0.99895540389754289 0.99988485414069139 -1.9988702957162978 0.9990705497568515
1 -1.9995715130868312 0.99958576097507068 1.0000564445320663 -1.9995715130868312 0.99952931644300436
1 -1.9377693852997604 0.98158037368346207 1.0024428789085829 -1.9377693852997604 0.97913749477487932
1 -1.9600211633004048 0.98307180536956773 0.99824739988298838 -1.9600211633004048 0.98482440548657924
1 -1.9773663237556913 0.99002571156009656 1.0013071336438006 -1.9773663237556913 0.98871857791629603
1 -1.9988629814502856 0.99899090191469442 1.000128946517449 -1.9988629814502856 0.99886195539724543
1 -1.9986663745435791 0.9987844517611788 0.99987761166782851 -1.9986663745435791 0.99890684009335029
1 -1.997324474892288 0.99788463715685205 1.0002647662798108 -1.997324474892288 0.99761987087704129
1 -1.9968661942108492 0.99728410307889848 0.99971786888977465 -1.9968661942108492 0.99756623418912382
1 -1.9993184798745423 0.99935239164882228 0.99993793199521641 -1.9993184798745423 0.99941445965360587
1 -1.9964713851422171 0.99733789551478125 1.0002939202119596 -1.9964713851422171 0.99704397530282141
1 -1.9966704436979599 0.99727846547755272 0.99975459977864423 -1.9966704436979599 0.99752386569890861
1 -1.9949789298615299 0.99648377247227404 1.000377172955464 -1.9949789298615299 0.99610659951681013
1 -1.9945252879295099 0.9959016167349668 0.99962590167251264 -1.9945252879295099 0.99627571506245438
1 -1.9956496668099544 0.9968856436194512 1.0004234401349144 -1.9956496668099544 0.99646220348453662
1 -1.9878077260736191 0.99248895106552371 0.99934535139623348 -1.9878077260736191 0.99314359966929022
1 -1.8280408566305548 0.96095724004654315 0.99660260576290516 -1.8280408566305548 0.96435463428363777
1 -1.9983263669307245 0.9985722791565137 1.0001466774127341 -1.9983263669307245 0.99842560174377948
1 -1.9898711948191425 0.99409186517863279 1.000603526336971 -1.9898711948191425 0.99348833884166177
1 -1.9823624324670828 0.99136415943975076 1.0008596883143743 -1.9823624324670828 0.99050447112537632
1 -1.9902197830553716 0.99362118705198976 0.99946599600997932 -1.9902197830553716 0.99415519104201033
1 -1.9924242606896034 0.99521768503455676 1.0005203969032381 -1.9924242606896034 0.99469728813131841
1 -1.9773376584798303 0.98850122124917716 0.99906339251064347 -1.9773376584798303 0.9894378287385337
1 -1.9994121424368414 0.99944846987138847 1.0000534743090752 -1.9994121424368414 0.99939499556231293
1 -1.9992743349984798 0.99931375639105957 0.99994400274733131 -1.9992743349984798 0.99936975364372815
1 -1.9997732928734415 0.99977744307543481 0.99998195017725267 -1.9997732928734415 0.99979549289818237
1 -1.9998300945081608 0.9998334124651076 1.0000162838459568 -1.9998300945081608 0.99981712861915084
1 -1.9998012824131794 0.99980331603907469 0.99998379103689627 -1.9998012824131794 0.9998195250021783
1 -1.9446650653752549 0.97974223191283005 0.99836520867531098 -1.9446650653752549 0.98137702323751907
1 -1.991264732051421 0.99415228167993697 0.99953609376254615 -1.991264732051421 0.99461618791739059
