1 -1.9997700766272801 0.99977317979440117 1.0001714631956184 -1.9997700766272801 0.99960171659878261
1 -1.9997927563034461 0.99979585950576055 1.000154318621681 -1.9997927563034461 0.99964154088407953
1 -1.9998127378726653 0.99981853980066593 1.000137173606616 -1.9998127378726653 0.9996813661940499
1 -1.9991613869818818 0.99917655075215472 0.99979748659645495 -1.9991613869818818 0.99937906415569977
1 -1.9954156322698207 0.99605860380063038 0.99903130463244694 -1.9954156322698207 0.99702729916818367
1 -1.999833091154686 0.99983586583988748 1.0000758490486712 -1.999833091154686 0.9997600167912164
1 -1.9956146623637274 0.99675888589576156 1.0014673468190582 -1.9956146623637274 0.99529153907670342
1 -1.9992326139996748 0.99931929240107431 1.0002960943753976 -1.9992326139996748 0.99902319802567685
1 -1.9981489384798903 0.99825830036776186 0.99959159061569158 -1.9981489384798903 0.99866670975207028
1 -1.9995822563045063 0.99960466039710039 1.0001538501519405 -1.9995822563045063 0.99945081024516003
1 -1.9981623871004983 0.99853948572253526 1.0005596573045814 -1.9981623871004983 0.99797982841795396
1 -1.9996373762831596 0.99964464583180879 0.99992459051898974 -1.9996373762831596 0.99972005531281904
1 -1.9988927344430705 0.99896028669458903 0.99980482897386702 -1.9988927344430705 0.99915545772072212
1 -1.9978326503784201 0.99803446606106805 0.99966218798060724 -1.9978326503784201 0.9983722780804607
1 -1.9997315511467553 0.99973695577682931 1.000067441498905 -1.9997315511467553 0.99966951427792428
1 -1.9988651325097087 0.99901243799246708 1.0002516269820605 -1.9988651325097087 0.99876081101040659
1 -1.999370883367815 0.99937278216822834 1.0001550520316089 -1.999370883367815 0.99921773013661974
1 -1.9997531523457079 0.99975573090021319 0.99995310651443525 -1.9997531523457079 0.99980262438577816
1 -1.9996810670135932 0.99968587600182757 0.99994372160381018 -1.9996810670135932 0.99974215439801739
1 -1.9983911287283713 0.99865697756442229 1.0003174992396591 -1.9983911287283713 0.99833947832476344
1 -1.9974392175420594 0.99773710027726659 0.99952594451918797 -1.9974392175420594 0.99821115575807884
1 -1.9989221134996504 0.99896664878005181 0.99984319932857324 -1.9989221134996504 0.99912344945147868
1 -1.9997366722451781 0.99974579162703126 1.0000522408493275 -1.9997366722451781 0.99969355077770383
1 -1.9994572299835176 0.9994776374149934 0.9999341044908413 -1.9994572299835176 0.99954353292415199
1 -1.7676928650086694 0.88409798081665103 0.9854501044878714 -1.7676928650086694 0.89864787632877963
1 -1.7231871795395193 0.93167630767356946 1.0131261500066031 -1.7231871795395193 0.91855015766696635
1 -1.9908785119727399 0.99465571852707091 1.0008489560878253 -1.9908785119727399 0.99380676243924548
1 -1.9984920561601569 0.99862542995289105 0.9998343978014439 -1.9984920561601569 0.99879103215144716
1 -1.9982774262727629 0.99855311692988924 1.0002285089556584 -1.9982774262727629 0.99832460797423095
1 -1.9988068943277624 0.99890014407137018 1.0001690927527169 -1.9988068943277624 0.99873105131865336
1 -1.99321714388884 0.99546723947756011 1.0006882669309394 -1.99321714388884 0.99477897254662073
1 -1.8631757872532062 0.91404115725422297 0.99044939890533235 -1.8631757872532062 0.92359175834889073
1 -1.9692993878631664 0.97979036250161489 1.0029801332137906 -1.9692993878631664 0.97681022928782435
1 -1.9993720566968873 0.99940023377910592 0.99993494533536509 -1.9993720566968873 0.99946528844374094
1 -1.999541539618787 0.99956784306031954 1.0000881811930582 -1.999541539618787 0.99947966186726134
1 -1.9993765595321527 0.99940448282798588 0.99993661573446768 -1.9993765595321527 0.9994678670935182
1 -1.9879758220950992 0.99247880629737639 0.99921830600277917 -1.9879758220950992 0.99326050029459723
1 -1.9994334547790731 0.99946849421058248 1.0000637807946338 -1.9994334547790731 0.99940471341594872
1 -1.9880493064452414 0.99342424557905129 1.0007801309287949 -1.9880493064452414 0.99264411465025626
1 -1.9909261663898561 0.99391712777846053 0.99940775894019096 -1.9909261663898561 0.99450936883826946
1 -1.9957315798949151 0.99664637651949117 0.99968448220783845 -1.9957315798949151 0.99696189431165261
1 -1.9972103188340662 0.99766023571964169 0.99979034264254241 -1.9972103188340662 0.99786989307709917
1 -1.9986884468210144 0.99884911704213042 1.0001221590458551 -1.9986884468210144 0.99872695799627542
1 -1.9982842189590644 0.99846779059577329 0.99983245113650943 -1.9982842189590644 0.99863533945926375
1 -1.995972370493343 0.99703015131047767 1.0002928267765481 -1.995972370493343 0.99673732453392938
1 -1.995187693706987 0.99630348865182794 0.9996577878843409 -1.995187693706987 0.99664570076748704
1 -1.9939153119499426 0.99553965409232492 0.99964352096414633 -1.9939153119499426 0.99589613312817837
1 -1.9983644544314154 0.99859849370814735 1.0001335691141169 -1.9983644544314154 0.99846492459403036
1 -1.9981284362325342 0.99834659814785265 0.99983245420225353 -1.9981284362325342 0.99851414394559934
1 -1.9985583673810199 0.99875150090048392 1.0001486930614436 -1.9985583673810199 0.99860280783904032
1 -1.9978281088192038 0.99812357329421142 0.99984829602838687 -1.9978281088192038 0.99827527726582443
1 -1.9981063169661839 0.99842149933606272 1.0002082429992076 -1.9981063169661839 0.99821325633685509
