1 -1.9997208054299433 0.99972283897400038 0.99991969949578041 -1.9997208054299433 0.99980313947821997
1 -1.9994405710487548 0.9994441101934437 1.0004100811115624 -1.9994405710487548 0.9990340290818811
1 -1.9992803518555748 0.99928869057089509 0.99979778945216358 -1.9992803518555748 0.9994909011187314
1 -1.9994294306138694 0.99944340741128312 1.0001859101900807 -1.9994294306138694 0.99925749722120227
1 -1.9988785722048772 0.99890341310989605 0.99977223237845281 -1.9988785722048772 0.99913118073144325
1 -1.9996087766174451 0.99961102026855186 0.99993026007695518 -1.9996087766174451 0.9996807601915968
1 -1.9997342153279427 0.99973978841178235 1.0000710242681747 -1.9997342153279427 0.99966876414360772
1 -1.9938375951238254 0.99411625770299117 0.99897990479200593 -1.9938375951238254 0.99513635291098512
1 -1.9920346303805718 0.99284997215837179 0.99901793109719561 -1.9920346303805718 0.9938320410611764
1 -1.715243352492086 0.93324279310796232 1.0105968188806371 -1.715243352492086 0.92264597422732519
1 -1.9991378157777533 0.99919335802283815 1.0001240692551132 -1.9991378157777533 0.99906928876772494
1 -1.7438178007782978 0.7777400679320462 0.97448576699865286 -1.7438178007782978 0.80325430093339312
1 -1.9988492166170071 0.99896266385974264 1.0001454656793363 -1.9988492166170071 0.99881719818040626
1 -1.9986925908646462 0.9987705532155996 0.99985779623537441 -1.9986925908646462 0.99891275698022519
1 -1.9498064385539762 0.96645279465781164 1.0045483342844219 -1.9498064385539762 0.96190446037338961
1 -1.5447420093073454 0.94708074812518284 1.0067252622325 -1.5447420093073454 0.94035548589268292
1 -1.9983487152807327 0.99849627362282301 0.99985697699588516 -1.9983487152807327 0.99863929662693773
1 -1.9897244152630911 0.99179270542188724 1.0009581431685448 -1.9897244152630911 0.99083456225334243
1 -1.9997660165298301 0.99977031448662668 0.99997870817140844 -1.9997660165298301 0.99979160631521813
1 -1.9984045309612646 0.99863130059548399 1.0001434492564598 -1.9984045309612646 0.9984878513390244
