1 -1.9991560796263392 0.99916462670612027 0.9997485974022513 -1.9991560796263392 0.99941602930386897
1 -1.999656138167669 0.99965817164596504 0.99989712798240238 -1.999656138167669 0.99976104366356255
1 -1.9998148633535828 0.99981853973274604 1.0001371736579596 -1.9998148633535828 0.9996813660747863
1 -1.9996499332649003 0.99967045108040598 1.0002379989636463 -1.9996499332649003 0.9994324521167598
1 -1.9989340105245395 0.99897775008316236 0.99970270105044567 -1.9989340105245395 0.9992750490327168
1 -1.9920116780417421 0.99272901009657244 0.9979882488538383 -1.9920116780417421 0.99474076124273403
1 -1.9982252988904852 0.99830218898100953 0.99954022373788443 -1.9982252988904852 0.99876196524312522
1 -1.9994443817701351 0.99949693742600032 1.0003147378355322 -1.9994443817701351 0.99918219959046817
1 -1.9987931637190242 0.99881921215277902 0.99969880687673263 -1.9987931637190242 0.99912040527604629
1 -1.9990105368561517 0.99913603892314096 1.0003819224852253 -1.9990105368561517 0.99875411643791567
1 -1.995338931381559 0.99552093808552444 0.99891534029109907 -1.995338931381559 0.99660559779442559
1 -1.9973999510191547 0.99771544736293505 0.9995473796565153 -1.9973999510191547 0.99816806770641975
1 -1.991759012593928 0.9939949858640712 1.0018474849312742 -1.991759012593928 0.99214750093279702
1 -1.9990499810356153 0.99916140676600951 1.0002447673267889 -1.9990499810356153 0.99891663943922038
1 -1.9996267951560172 0.99963845870305568 1.0000910464415556 -1.9996267951560172 0.99954741226150023
1 -1.9992523682073258 0.99926148538061144 0.99987365456534716 -1.9992523682073258 0.99938783081526428
1 -1.9995071224315846 0.9995292993862227 1.0001159835402342 -1.9995071224315846 0.99941331584598825
1 -1.7315557418039389 0.9435769677619521 1.0134314618226905 -1.7315557418039389 0.93014550593926149
1 -1.993763941844058 0.99528276769192126 0.99924684517770412 -1.993763941844058 0.99603592251421724
1 -1.9998155067823211 0.99981951188333973 1.0000386424072565 -1.9998155067823211 0.99978086947608313
1 -1.9984774414947233 0.99861471656504686 0.9998024745645443 -1.9984774414947233 0.99881224200050256
1 -1.9984219648015276 0.99867128245957015 1.000273148541406 -1.9984219648015276 0.99839813391816434
1 -1.9994357601360049 0.99947399007792159 1.0001002916258308 -1.9994357601360049 0.99937369845209079
1 -1.9360749644691022 0.97669303173483724 0.99687020456948927 -1.9360749644691022 0.97982282716534819
1 -1.999717815195249 0.9997199877422871 0.99996254758653724 -1.999717815195249 0.99975744015574997
1 -1.9993280029452802 0.9993589141162591 0.99992046239399657 -1.9993280029452802 0.99943845172226253
1 -1.9881845427219931 0.99360212302523121 1.0010156722923162 -1.9881845427219931 0.99258645073291474
1 -1.8129358183214563 0.93458746100735801 0.99235835237611991 -1.8129358183214563 0.9422291086312381
1 -1.9942179781185128 0.99613995346560102 1.0005535509275081 -1.9942179781185128 0.99558640253809305
1 -1.9907331387900866 0.99375797223179152 0.99929254914548116 -1.9907331387900866 0.99446542308631025
1 -1.998755790125718 0.99885803769343928 0.9998764354210633 -1.998755790125718 0.9989816022723762
1 -1.9988840878876732 0.99901228088168248 1.0001547336184797 -1.9988840878876732 0.99885754726320264
1 -1.9200887513222931 0.97416214235422194 0.99726841692366397 -1.9200887513222931 0.97689372543055786
1 -1.9978861082271009 0.99815738657962749 0.99981408906240921 -1.9978861082271009 0.99834329751721829
1 -1.9997833763473267 0.99978889313189512 1.0000250959070514 -1.9997833763473267 0.99976379722484388
1 -1.984405082188317 0.99209675571340561 1.0008859408877697 -1.984405082188317 0.991210814825636
1 -1.9854012488776605 0.99139932465041847 0.99916641787108762 -1.9854012488776605 0.99223290677933085
1 -1.9938781284436584 0.99552472278561099 0.99959714386769949 -1.9938781284436584 0.99592757891791139
1 -1.9948241759446095 0.99642136674787951 1.0004373647021407 -1.9948241759446095 0.99598400204573878
1 -1.9938780560623248 0.99552367837761457 0.99959511019585989 -1.9938780560623248 0.99592856818175457
1 -1.9966650728914948 0.99745446751560773 1.000275503379481 -1.9966650728914948 0.99717896413612639
1 -1.9973142068817891 0.99773564540283421 0.9997972640880245 -1.9973142068817891 0.99793838131480972
1 -1.9992244036504803 0.99926846714282347 0.99993529243409218 -1.9992244036504803 0.99933317470873118
1 -1.9994396008509616 0.99947379438416128 1.0000617155088805 -1.9994396008509616 0.9994120788752805
1 -1.988996355678865 0.99375285036449612 1.000666938964142 -1.988996355678865 0.99308591140035385
1 -1.9871647106814998 0.99216785918151884 0.99926141200575369 -1.9871647106814998 0.99290644717576504
1 -1.9996768392425694 0.99968417369797202 0.9999730128377331 -1.9996768392425694 0.99971116086023892
1 -1.9995441851614097 0.99955512323935281 1.0000487825087732 -1.9995441851614097 0.99950634073057942
1 -1.9986781358161358 0.99879804344517531 0.99989750884434836 -1.9986781358161358 0.99890053460082695
1 -1.9989771136349641 0.99908577016848232 1.0001368490399749 -1.9989771136349641 0.99894892112850742
1 -1.9367843804244815 0.98101586150682629 1.0019181211175756 -1.9367843804244815 0.97909774038925057
1 -1.9987867143051075 0.99888944864289164 0.99990699314252229 -1.9987867143051075 0.99898245550036935
1 -1.9990262188082184 0.9991222765404536 1.0001080831442439 -1.9990262188082184 0.99901419339620978
1 -1.9947525817656924 0.99635067296859137 1.0003600362064491 -1.9947525817656924 0.99599063676214217
1 -1.994793325435491 0.99606182919259145 0.99963775664469212 -1.994793325435491 0.99642407254789922
1 -1.9953172222070878 0.99668699385659043 1.0004066285537587 -1.9953172222070878 0.99628036530283171
1 -1.9938966140472043 0.9955412799907094 0.99961009521579369 -1.9938966140472043 0.9959311847749156
1 -1.9701660642571153 0.98789333759454656 1.0011911923654295 -1.9701660642571153 0.98670214522911703
1 -1.9808044476094195 0.98970606589092536 0.99914487712760203 -1.9808044476094195 0.99056118876332344
1 -1.998371612220704 0.99860382301258166 1.0001328778158054 -1.998371612220704 0.99847094519677626
1 -1.9997628317193634 0.99976738169581059 0.99998147855390085 -1.9997628317193634 0.99978590314190985
