1 -1.9997169883074137 0.99972026256538404 1.0002114656158902 -1.9997169883074137 0.99950879694949346
1 -1.9997094287831476 0.99971270302874005 1.0002171801963309 -1.9997094287831476 0.99949552283240906
1 -1.9991946984829918 0.99922099736192038 1.0004951273441127 -1.9991946984829918 0.99872587001780788
1 -1.9985921237344655 0.99863875446221384 0.99963172381676935 -1.9985921237344655 0.99900703064544449
1 -1.9988987219802312 0.99891630606988202 0.99971259752405461 -1.9988987219802312 0.99920370854582741
1 -1.999237738847119 0.99930065782880584 1.0003916814266227 -1.999237738847119 0.99890897640218312
1 -1.9979333773653698 0.99809734418589346 0.9995127866814516 -1.9979333773653698 0.99858455750444197
1 -1.9997635271025911 0.99977376457821965 1.0001131132503531 -1.9997635271025911 0.99966065132786674
1 -1.9995706584575719 0.99957858828558366 0.99988740602435355 -1.9995706584575719 0.99969118226122999
1 -1.9995751604189433 0.99957722813323469 0.99989472974670834 -1.9995751604189433 0.99968249838652634
1 -1.9984757395342816 0.99870071654937964 1.0005108043440532 -1.9984757395342816 0.9981899122053266
1 -1.9966104512771488 0.99695141935710252 0.99930562453690674 -1.9966104512771488 0.99764579482019577
1 -1.9909749321647625 0.99506347498656211 1.0016583976116367 -1.9909749321647625 0.99340507737492534
1 -1.9968185632485189 0.99762493946051467 1.0007733299716912 -1.9968185632485189 0.99685160948882356
1 -1.9996173136607769 0.99962166112533146 1.0001144043312888 -1.9996173136607769 0.99950725679404262
1 -1.9991150373770636 0.99921227736627549 1.0002231028408024 -1.9991150373770636 0.99898917452547331
1 -1.7342021621787902 0.94231714036587066 1.0150054853065587 -1.7342021621787902 0.92731165505931201
1 -1.9995838194030431 0.99960633709635394 1.0000891128694545 -1.9995838194030431 0.9995172242268997
1 -1.9973185220265202 0.99789755322911744 1.0004659400497113 -1.9973185220265202 0.99743161317940598
1 -1.9988608438361199 0.99893902448510163 0.9998377471638743 -1.9988608438361199 0.99910127732122711
1 -1.9945894243564679 0.99642245973213761 1.0007673387497238 -1.9945894243564679 0.99565512098241393
1 -1.9948614366242143 0.99587699037806021 0.9994068186532078 -1.9948614366242143 0.99647017172485253
1 -1.986523210454834 0.99163379531928586 0.99885452191072488 -1.986523210454834 0.99277927340856109
1 -1.9992013287652444 0.99927370169579621 1.0001348923447908 -1.9992013287652444 0.9991388093510053
1 -1.9861251353312266 0.99256405690392779 1.0013791836118231 -1.9861251353312266 0.99118487329210458
1 -1.998901807981635 0.99902891911008274 1.0001686036786837 -1.998901807981635 0.99886031543139919
1 -1.994123070448176 0.99558117178689987 0.99943621252119152 -1.994123070448176 0.99614495926570834
1 -1.9997264067723732 0.99973574452772862 1.0000445289608868 -1.9997264067723732 0.99969121556684204
1 -1.9994578528430982 0.9994701793378189 0.99993070202926693 -1.9994578528430982 0.99953947730855186
1 -1.9812894522393649 0.98953810941723663 0.99868254374406495 -1.9812894522393649 0.99085556567317157
1 -1.9994739220495741 0.99950591066073402 1.000076585595026 -1.9994739220495741 0.99942932506570814
1 -1.998287675871171 0.99846801574471911 0.9998221131462427 -1.998287675871171 0.99864590259847652
1 -1.9724233671932134 0.98882249563857938 1.0016759485977196 -1.9724233671932134 0.98714654704085969
1 -1.9568714377271421 0.98205200520401548 0.99793376086890595 -1.9568714377271421 0.98411824433510964
1 -1.9993490784363956 0.9993788023952217 0.9999285723204 -1.9993490784363956 0.9994502300748217
1 -1.9998385295365901 0.99984176076682496 1.0000229717518505 -1.9998385295365901 0.99981878901497445
1 -1.9998020825071368 0.99980485714931511 0.99997351417984548 -1.9998020825071368 0.99983134296946952
1 -1.9166753288398297 0.97041018216805586 0.99679987661249181 -1.9166753288398297 0.97361030555556405
1 -1.9982366222660211 0.99851589966168586 1.0001980839028322 -1.9982366222660211 0.99831781575885359
1 -1.9979086217790898 0.99817323587091411 0.9998101784890483 -1.9979086217790898 0.99836305738186593
1 -1.9983821019952308 0.99862652027978271 1.0002023722764006 -1.9983821019952308 0.99842414800338197
1 -1.9991592031094914 0.99920883957933881 0.99991798589713632 -1.9991592031094914 0.99929085368220261
1 -1.9996885937743525 0.99969592827286857 0.99996855032229348 -1.9996885937743525 0.9997273779505752
1 -1.7944686701632886 0.91831063294135806 0.99204442177572627 -1.7944686701632886 0.92626621116563179
1 -1.9899008577277548 0.99341867813412577 0.99937077301489374 -1.9899008577277548 0.99404790511923202
1 -1.9997665410640482 0.99977287405514015 1.0000258368456714 -1.9997665410640482 0.99974703720946867
1 -1.9989475812973103 0.99902534213751382 0.99991138243405009 -1.9989475812973103 0.99911395970346351
1 -1.9998429143359866 0.99984581009863982 1.0000168002163383 -1.9998429143359866 0.9998290098823015
1 -1.9970432041630899 0.99754104811338973 0.9997814627084366 -1.9970432041630899 0.99775958540495302
1 -1.9994564303219091 0.99948814813641218 1.0000538262430307 -1.9994564303219091 0.99943432189338144
1 -1.9994858919609904 0.99950608372993088 0.99995739513003723 -1.9994858919609904 0.99954868859989365
1 -1.999751968643855 0.99975688349545588 0.99997950950802827 -1.999751968643855 0.99977737398742783
1 -1.9587499733174019 0.98525735054521368 1.0014928630025248 -1.9587499733174019 0.98376448754268886
1 -1.9876501322484785 0.99320119260315209 1.0006634312734637 -1.9876501322484785 0.99253776132968841
1 -1.9372173146637088 0.97813805034728218 0.99822987453428802 -1.9372173146637088 0.97990817581299428
