1 -1.999456664789772 0.99947839205011391 1.0003943059910001 -1.999456664789772 0.99908408605911381
1 -1.9997397955177054 0.9997429410008204 1.0001943220064784 -1.9997397955177054 0.99954861899434189
1 -1.9994870068941837 0.99950862291683507 1.000371453172396 -1.9994870068941837 0.99913716974443922
1 -1.9997426568258103 0.99974584496367824 1.0001805380257502 -1.9997426568258103 0.99956530693792789
1 -1.9994750080239454 0.99952756448482549 1.0003198724798932 -1.9994750080239454 0.99920769200493265
1 -1.9977896254546648 0.99782520535619512 0.99937136260927351 -1.9977896254546648 0.99845384274692139
1 -1.9997784375671033 0.99978867511906377 1.000136534408016 -1.9997784375671033 0.9996521407110478
1 -1.9995188060191078 0.99952673564148498 0.99985815713860171 -1.9995188060191078 0.99966857850288349
1 -1.9991659184369475 0.99928298567767349 1.0004575284566293 -1.9991659184369475 0.99882545722104421
1 -1.9980535386734923 0.9982025338932522 0.99951533807258097 -1.9980535386734923 0.99868719582067134
1 -1.9942594854173563 0.99459433305180889 0.99857496320895978 -1.9942594854173563 0.99601936984284933
1 -1.9972490806152865 0.99767346154752645 1.0010647130770571 -1.9972490806152865 0.99660874847046943
1 -1.9992571715672294 0.9993311867436202 1.0002187302523811 -1.9992571715672294 0.99911245649123925
1 -1.9986816298674255 0.99877189004378542 0.99975318703661553 -1.9986816298674255 0.99901870300716977
1 -1.9997463842590164 0.999755649012944 1.0000673797166737 -1.9997463842590164 0.99968826929627053
1 -1.9986832752995713 0.99887842427804641 1.0003086586538612 -1.9986832752995713 0.9985697656241852
1 -1.9969339332738012 0.99717630625217613 0.99944666290193884 -1.9969339332738012 0.99772964335023728
1 -1.9993864439373734 0.99943541292992877 1.0001512495979017 -1.9993864439373734 0.99928416333202708
1 -1.9939950989676012 0.99492436588914701 0.99911774656117114 -1.9939950989676012 0.99580661932797576
1 -1.9996238345965092 0.99964286045867046 1.0000877459409871 -1.9996238345965092 0.99955511451768353
1 -1.9997258176292951 0.99972785117844909 0.99995915513715383 -1.9997258176292951 0.99976869604129537
1 -1.9991861084634532 0.99922875107685172 0.99989071767315141 -1.9991861084634532 0.99933803340370042
1 -1.9955496423119996 0.99689221757713475 1.0006020486836595 -1.9955496423119996 0.99629016889347499
1 -1.9918759714923961 0.9946458809787283 1.0009965244399779 -1.9918759714923961 0.99364935653875053
1 -1.8794235721375396 0.93473756578346168 0.99152312216625271 -1.8794235721375396 0.94321444361720908
1 -1.9997378981183698 0.99974281293538914 0.99996694352307303 -1.9997378981183698 0.99977586941231611
1 -1.7363342103598722 0.94624861319036668 1.0092437936463987 -1.7363342103598722 0.93700481954396808
1 -1.9886269537731023 0.99377902938036977 1.0010121946501453 -1.9886269537731023 0.99276683473022465
1 -1.9884814449399097 0.99256793012491995 0.99902016432549201 -1.9884814449399097 0.99354776579942794
1 -1.9990420842279895 0.99910348564933726 0.99989402934323424 -1.9990420842279895 0.99920945630610303
1 -1.9992862615900526 0.99934288478769773 1.0001021415395741 -1.9992862615900526 0.99924074324812351
1 -1.9996842584030434 0.99969152812212958 0.99996358006218811 -1.9996842584030434 0.99972794805994147
1 -1.9998237782020405 0.99982768796294008 1.000027284118773 -1.9998237782020405 0.99980040384416735
1 -1.7664770354509201 0.88918401674937908 0.98691713299567752 -1.7664770354509201 0.90226688375370145
1 -1.9916527459053548 0.99392955857487486 0.99930183117935156 -1.9916527459053548 0.99462772739552341
1 -1.9990206159600599 0.99912070768827643 1.0001292500880314 -1.9990206159600599 0.9989914576002451
1 -1.9556019545497685 0.98191012870426764 0.99811298935393655 -1.9556019545497685 0.98379713935033131
1 -1.9988108893540635 0.99890576610794601 0.99988616608190595 -1.9988108893540635 0.99901960002604018
1 -1.999736590201225 0.99974292309746671 1.0000323170931416 -1.999736590201225 0.99971060600432515
1 -1.9994621533446084 0.99949414176748663 1.0000631681043126 -1.9994621533446084 0.99943097366317402
1 -1.9998234157555195 0.99982588023165175 0.99998370347831522 -1.9998234157555195 0.99984217675333642
1 -1.9988134294344539 0.99894821210948759 1.0001144787632699 -1.9988134294344539 0.99883373334621761
1 -1.9916308483748915 0.99485530597126326 1.0005508356985906 -1.9916308483748915 0.99430447027267255
1 -1.9993120011694636 0.99931393307919947 1.0000721177021861 -1.9993120011694636 0.99924181537701329
1 -1.9995433430597533 0.99955926558870156 0.99996022859485112 -1.9995433430597533 0.99959903699385033
1 -1.9996468159467473 0.99966088401249575 1.0000378287328548 -1.9996468159467473 0.99962305527964102
1 -1.9996229057227954 0.99963376511003876 0.99996511214095107 -1.9996229057227954 0.9996686529690878
1 -1.9997906915610322 0.9997941863764559 0.99998198680872075 -1.9997906915610322 0.99981219956773493
1 -1.9966833169240303 0.99729134262375041 0.99976635533522606 -1.9966833169240303 0.99752498728852423
1 -1.9436042928190653 0.97940838699220811 0.99823071806810115 -1.9436042928190653 0.98117766892410674
1 -1.9610426594734895 0.98575487269647932 1.0014359858863375 -1.9610426594734895 0.98431888681014179
1 -1.9969883848531125 0.99765022618145915 1.0002315340533192 -1.9969883848531125 0.99741869212813994
1 -1.9962734021302966 0.99699098477553971 0.99968587238261752 -1.9962734021302966 0.99730511239292208
1 -1.9967977347659003 0.99754664896796608 1.0002974751241995 -1.9967977347659003 0.99724917384376666
1 -1.9963431732669499 0.99706206511201867 0.99975248000523209 -1.9963431732669499 0.99730958510678647
1 -1.9984916842474152 0.99869527244822542 1.0001272818479341 -1.9984916842474152 0.99856799060029133
1 -1.9984480217346985 0.99860897648039004 0.99988261046781457 -1.9984480217346985 0.99872636601257536
1 -1.9856751414781495 0.99247349610867386 1.0007283529219069 -1.9856751414781495 0.99174514318676688
1 -1.9855278770830627 0.99142650052758363 0.99913346338753406 -1.9855278770830627 0.99229303714004946
1 -1.9817506363696638 0.99002519411079803 0.99913105921010237 -1.9817506363696638 0.99089413490069567
1 -1.9818188996905373 0.99134705721977834 1.0011423257706931 -1.9818188996905373 0.99020473144908527
1 -1.9989907451053508 0.99908964019199176 1.0000877242623254 -1.9989907451053508 0.99900191592966614
1 -1.9990836579227889 0.99914468563409353 0.99992894083352868 -1.9990836579227889 0.99921574480056474
